5.000000000000000 0.000000000000000
4.960766216615711 0.625138819850639
4.843290619630345 1.241988717259827
4.649425807656121 1.839249754411082
4.382229449943910 2.407501827215151
4.045915813531661 2.937782365971727
3.645789295097833 3.421727694564552
3.188160759102119 3.851704943803640
2.680248001742731 4.220932438354598
2.130061910629895 4.523586658491658
1.546280115684795 4.754894089655187
0.938110124063802 4.911206511146624
0.315144097767568 4.990058536494564
-0.312792435592453 4.990206497955384
-0.935795552710112 4.911648061855407
-1.544039140971118 4.755622265397996
-2.127929877595925 4.524589974355090
-2.678258537181197 4.222195069867809
-3.186345241191213 3.853206976524634
-3.644176358499176 3.423445438174192
-4.044530897759471 2.939688727921541
-4.381094398128608 2.409566740035669
-4.648558522030705 1.841440649941156
-4.842704779173281 1.244271040317288
-4.960471061303728 0.627476573242587
-4.999999938308804 0.000785437432041
-4.960667953922724 -0.625918086433151
-4.843095458986925 -1.242749522285254
-4.649136827169596 -1.839980098331344
-4.381851207464354 -2.408190190919973
-4.045454274764700 -2.938417892470030
-3.645251739512501 -3.422300360222796
-3.187555665117821 -3.852205716440294
-2.679584913006149 -4.221353419697270
-2.129351285490950 -4.523921208749997
-1.545533162245741 -4.755136932244820
-0.937338623403112 -4.911353815912346
-0.314360218126717 -4.990107980120202
0.313576330728564 -4.990157300607548
0.936567099612201 -4.911500999483151
1.544786170668371 -4.755379657494421
2.128640607807113 -4.524255647373893
2.678921758146853 -4.221774296871800
3.186950492475874 -3.852706394018078
3.644714093975194 -3.422872941430719
4.044992636170173 -2.939053346458529
4.381472856856142 -2.408878495199142
4.648847731958747 -1.840710396847374
4.842900178832964 -1.243510296643999
4.960569568817920 -0.626697337570209