3,1,1191.93,553.99,149.56,133.54,1,-1,-1,-1
3,2,1106.58,453.06,100.66,92.29,1,-1,-1,-1
3,3,640.43,572.45,89.66,138.22,1,-1,-1,-1
3,4,530.66,415.02,64.73,86.95,1,-1,-1,-1
3,5,680.30,296.82,46.42,42.62,1,-1,-1,-1
3,6,557.78,253.33,44.34,47.39,1,-1,-1,-1
3,8,760.82,217.53,36.11,33.36,1,-1,-1,-1
3,9,886.99,210.34,31.23,29.89,1,-1,-1,-1
3,10,741.24,155.23,27.94,23.63,1,-1,-1,-1
3,11,1111.50,367.75,139.06,55.22,1,-1,-1,-1
4,1,1196.58,558.74,151.95,133.06,1,-1,-1,-1
4,2,1102.54,455.66,104.22,92.33,1,-1,-1,-1
4,3,639.54,557.31,89.17,134.75,1,-1,-1,-1
4,4,527.79,431.51,65.98,87.42,1,-1,-1,-1
4,5,680.70,293.96,45.81,42.44,1,-1,-1,-1
4,6,555.34,259.56,45.58,48.30,1,-1,-1,-1
4,7,1284.80,416.95,73.49,88.40,1,-1,-1,-1
4,8,760.97,218.86,36.01,33.24,1,-1,-1,-1
4,9,888.01,211.00,31.84,30.15,1,-1,-1,-1
4,10,741.68,156.03,27.79,23.31,1,-1,-1,-1
4,11,1110.16,368.13,139.21,55.42,1,-1,-1,-1
5,1,1201.87,566.78,153.07,134.70,1,-1,-1,-1
5,2,1112.42,459.97,104.35,92.65,1,-1,-1,-1
5,3,639.25,544.53,88.59,132.80,1,-1,-1,-1
5,4,523.11,444.46,67.25,89.25,1,-1,-1,-1
5,5,680.09,289.90,45.63,42.41,1,-1,-1,-1
5,6,552.44,263.92,45.68,48.42,1,-1,-1,-1
5,7,1293.64,418.68,70.33,83.00,1,-1,-1,-1
5,8,761.97,219.63,35.83,33.18,1,-1,-1,-1
5,9,888.74,211.31,31.76,30.08,1,-1,-1,-1
5,10,741.81,156.60,27.82,23.10,1,-1,-1,-1
5,11,1115.21,373.81,139.75,55.44,1,-1,-1,-1
6,1,1206.67,574.12,154.62,135.99,1,-1,-1,-1
6,2,1118.47,466.70,103.75,93.27,1,-1,-1,-1
6,3,638.75,534.17,88.00,130.64,1,-1,-1,-1
6,4,517.04,456.86,69.03,91.18,1,-1,-1,-1
6,5,679.54,287.75,45.80,42.58,1,-1,-1,-1
6,6,549.84,268.36,45.77,48.58,1,-1,-1,-1
6,8,762.14,220.58,35.91,33.00,1,-1,-1,-1
6,9,888.56,211.76,31.70,30.03,1,-1,-1,-1
6,10,741.66,157.30,27.88,23.00,1,-1,-1,-1
6,11,1119.89,378.37,139.85,54.49,1,-1,-1,-1
6,13,800.44,244.70,70.38,46.63,1,-1,-1,-1
7,1,1213.82,578.28,153.15,138.53,1,-1,-1,-1
7,2,1122.61,471.75,103.69,93.29,1,-1,-1,-1
7,3,638.57,523.71,87.64,128.16,1,-1,-1,-1
7,4,512.32,469.69,70.02,92.80,1,-1,-1,-1
7,5,679.37,285.83,45.92,42.37,1,-1,-1,-1
7,6,546.74,274.21,46.25,49.38,1,-1,-1,-1
7,8,762.31,222.52,35.96,33.13,1,-1,-1,-1
7,9,888.97,212.86,31.81,30.11,1,-1,-1,-1
7,10,741.54,157.80,27.91,22.97,1,-1,-1,-1
7,11,1124.20,381.10,139.75,53.12,1,-1,-1,-1
7,13,798.47,248.17,70.86,46.66,1,-1,-1,-1
7,14,937.32,222.53,68.54,32.61,1,-1,-1,-1
7,15,623.89,237.63,12.87,32.61,1,-1,-1,-1
8,1,1212.16,582.17,153.38,138.88,1,-1,-1,-1
8,2,1127.58,475.13,102.79,93.32,1,-1,-1,-1
8,4,507.01,481.95,71.18,94.98,1,-1,-1,-1
8,5,679.38,284.09,45.60,42.26,1,-1,-1,-1
8,6,544.88,279.48,46.69,49.76,1,-1,-1,-1
8,8,762.33,222.83,36.02,33.42,1,-1,-1,-1
8,9,889.81,213.94,31.90,30.33,1,-1,-1,-1
8,10,741.93,158.34,27.88,23.03,1,-1,-1,-1
8,11,1124.96,382.70,140.17,52.72,1,-1,-1,-1
8,13,797.33,250.41,70.82,47.00,1,-1,-1,-1
8,14,937.11,223.25,70.76,32.70,1,-1,-1,-1
8,15,622.21,238.24,12.71,33.00,1,-1,-1,-1
9,2,1126.43,477.38,104.63,94.53,1,-1,-1,-1
9,5,679.36,282.10,45.29,42.24,1,-1,-1,-1
9,6,542.50,283.55,46.90,50.08,1,-1,-1,-1
9,8,762.68,223.64,36.15,33.44,1,-1,-1,-1
9,9,890.96,215.53,32.02,30.31,1,-1,-1,-1
9,10,741.33,158.24,28.04,23.10,1,-1,-1,-1
9,11,1124.45,384.31,140.59,52.66,1,-1,-1,-1
9,13,796.43,251.56,70.96,47.18,1,-1,-1,-1
9,14,939.50,224.57,70.97,32.48,1,-1,-1,-1
9,15,620.21,238.05,12.73,33.51,1,-1,-1,-1
10,2,1128.34,481.35,105.23,95.51,1,-1,-1,-1
10,5,678.67,279.87,44.88,42.12,1,-1,-1,-1
10,6,539.86,288.71,47.35,50.93,1,-1,-1,-1
10,8,762.80,223.97,36.24,33.31,1,-1,-1,-1
10,9,891.22,216.51,32.19,30.14,1,-1,-1,-1
10,10,741.27,158.92,28.21,23.10,1,-1,-1,-1
10,11,1130.57,387.20,141.06,53.08,1,-1,-1,-1
10,13,794.61,251.63,71.39,47.52,1,-1,-1,-1
10,14,940.41,225.79,71.41,32.35,1,-1,-1,-1
10,15,617.84,238.68,12.61,33.42,1,-1,-1,-1
10,16,639.03,512.89,79.75,108.80,1,-1,-1,-1
11,2,1128.82,483.81,106.66,96.72,1,-1,-1,-1
11,5,678.41,277.41,44.36,41.94,1,-1,-1,-1
11,6,537.79,294.21,47.92,51.26,1,-1,-1,-1
11,8,763.27,224.67,36.14,33.34,1,-1,-1,-1
11,9,892.50,217.13,32.15,30.08,1,-1,-1,-1
11,10,741.69,159.40,28.19,23.10,1,-1,-1,-1
11,11,1131.23,389.50,141.48,53.13,1,-1,-1,-1
11,13,792.88,252.43,71.85,47.62,1,-1,-1,-1
11,14,940.16,225.59,70.62,32.53,1,-1,-1,-1
11,15,616.25,239.27,12.57,33.34,1,-1,-1,-1
11,16,638.36,500.97,78.46,107.43,1,-1,-1,-1
11,17,492.60,503.87,83.71,117.78,1,-1,-1,-1
11,18,1224.73,592.06,135.45,140.09,1,-1,-1,-1
12,2,1135.97,488.37,106.14,97.02,1,-1,-1,-1
12,5,678.73,275.86,44.05,41.67,1,-1,-1,-1
12,6,535.55,298.34,48.38,51.60,1,-1,-1,-1
12,8,763.77,225.33,36.15,33.57,1,-1,-1,-1
12,9,893.17,218.01,32.14,30.19,1,-1,-1,-1
12,10,742.18,159.99,28.11,23.11,1,-1,-1,-1
12,11,1133.93,394.00,142.20,52.84,1,-1,-1,-1
12,13,792.14,253.69,72.15,47.97,1,-1,-1,-1
12,14,942.04,226.79,70.30,32.56,1,-1,-1,-1
12,15,614.53,240.82,12.77,33.56,1,-1,-1,-1
12,16,638.68,490.36,77.48,105.91,1,-1,-1,-1
12,17,487.05,523.61,85.38,120.17,1,-1,-1,-1
12,18,1223.00,603.14,136.16,144.16,1,-1,-1,-1
12,19,500.10,213.48,40.54,39.70,1,-1,-1,-1
13,2,1139.66,490.29,106.26,97.69,1,-1,-1,-1
13,5,678.85,272.79,43.92,41.39,1,-1,-1,-1
13,6,532.67,303.95,49.00,52.28,1,-1,-1,-1
13,8,763.84,225.92,36.12,33.61,1,-1,-1,-1
13,9,893.70,218.44,32.18,30.31,1,-1,-1,-1
13,10,742.27,160.28,28.05,23.10,1,-1,-1,-1
13,11,1138.73,397.67,142.46,52.51,1,-1,-1,-1
13,13,790.99,255.21,72.56,48.29,1,-1,-1,-1
13,14,943.90,228.15,70.39,32.40,1,-1,-1,-1
13,15,612.62,241.91,13.16,33.71,1,-1,-1,-1
13,16,639.89,481.35,77.05,104.21,1,-1,-1,-1
13,17,480.99,544.84,86.59,123.47,1,-1,-1,-1
13,19,500.67,214.75,40.10,39.46,1,-1,-1,-1
14,2,1140.51,492.62,107.79,98.97,1,-1,-1,-1
14,5,678.92,270.31,43.67,41.19,1,-1,-1,-1
14,6,529.52,309.15,49.50,53.30,1,-1,-1,-1
14,8,764.28,226.94,36.07,33.62,1,-1,-1,-1
14,9,893.93,218.81,32.38,30.53,1,-1,-1,-1
14,10,742.14,160.29,28.07,23.15,1,-1,-1,-1
14,11,1141.45,399.75,142.99,52.48,1,-1,-1,-1
14,13,790.19,257.20,72.75,48.67,1,-1,-1,-1
14,14,943.01,229.11,69.29,32.27,1,-1,-1,-1
14,15,611.08,242.50,13.39,33.71,1,-1,-1,-1
14,16,640.44,472.52,76.97,102.76,1,-1,-1,-1
14,19,499.88,214.48,40.10,39.94,1,-1,-1,-1
15,2,1142.60,494.05,108.96,100.68,1,-1,-1,-1
15,5,678.06,267.81,43.44,41.04,1,-1,-1,-1
15,6,526.15,315.76,50.22,54.14,1,-1,-1,-1
15,8,764.29,228.23,36.21,33.52,1,-1,-1,-1
15,9,893.86,219.02,32.43,30.69,1,-1,-1,-1
15,10,742.09,160.42,28.14,23.27,1,-1,-1,-1
15,11,1141.43,399.70,143.28,52.55,1,-1,-1,-1
15,13,789.60,257.73,73.00,48.91,1,-1,-1,-1
15,14,943.45,229.35,68.67,32.19,1,-1,-1,-1
15,15,609.75,243.47,13.69,33.70,1,-1,-1,-1
15,16,640.03,464.28,76.55,101.33,1,-1,-1,-1
15,19,499.08,215.25,40.09,39.69,1,-1,-1,-1
15,20,1239.57,611.84,118.86,147.49,1,-1,-1,-1
16,2,1146.58,498.12,108.96,101.78,1,-1,-1,-1
16,5,678.19,266.18,43.15,40.80,1,-1,-1,-1
16,6,523.57,320.94,51.07,55.09,1,-1,-1,-1
16,8,764.42,229.10,36.49,33.40,1,-1,-1,-1
16,9,894.26,219.13,32.48,30.88,1,-1,-1,-1
16,10,742.40,160.74,28.09,23.36,1,-1,-1,-1
16,11,1142.57,402.00,144.43,52.93,1,-1,-1,-1
16,13,789.75,258.56,73.19,48.95,1,-1,-1,-1
16,14,944.62,229.98,68.78,32.25,1,-1,-1,-1
16,16,639.39,457.30,76.41,99.88,1,-1,-1,-1
16,19,497.96,215.91,40.28,39.67,1,-1,-1,-1
16,20,1248.05,610.78,115.63,143.30,1,-1,-1,-1
17,2,1148.79,500.46,110.09,103.32,1,-1,-1,-1
17,5,678.23,263.99,43.00,40.60,1,-1,-1,-1
17,6,519.32,327.30,52.11,56.13,1,-1,-1,-1
17,8,764.38,229.92,36.74,33.34,1,-1,-1,-1
17,9,894.37,219.29,32.64,31.13,1,-1,-1,-1
17,10,742.31,161.05,28.09,23.45,1,-1,-1,-1
17,11,1138.89,401.24,143.62,53.56,1,-1,-1,-1
17,13,789.15,259.86,73.37,49.06,1,-1,-1,-1
17,14,943.67,230.27,68.19,32.36,1,-1,-1,-1
17,16,638.58,450.30,75.79,98.31,1,-1,-1,-1
17,19,496.97,217.25,40.46,39.38,1,-1,-1,-1
17,20,1249.51,617.20,114.26,140.63,1,-1,-1,-1
18,2,1152.26,502.74,110.61,105.22,1,-1,-1,-1
18,5,677.25,262.03,42.83,40.43,1,-1,-1,-1
18,6,515.98,333.58,53.12,57.37,1,-1,-1,-1
18,8,764.48,231.09,36.86,33.33,1,-1,-1,-1
18,9,894.72,219.93,32.82,31.23,1,-1,-1,-1
18,10,742.45,161.53,28.02,23.45,1,-1,-1,-1
18,11,1145.38,406.12,144.84,53.58,1,-1,-1,-1
18,13,788.63,261.19,73.45,49.10,1,-1,-1,-1
18,14,946.07,231.36,68.48,32.44,1,-1,-1,-1
18,16,638.05,443.31,75.30,96.95,1,-1,-1,-1
18,19,496.19,218.62,40.60,39.27,1,-1,-1,-1
18,20,1249.31,627.39,113.54,140.09,1,-1,-1,-1
18,22,449.02,607.85,104.46,158.79,1,-1,-1,-1
19,2,1157.69,507.10,110.94,106.16,1,-1,-1,-1
19,5,676.42,259.86,42.79,40.31,1,-1,-1,-1
19,6,512.71,339.26,54.10,58.02,1,-1,-1,-1
19,8,764.74,231.31,36.94,33.30,1,-1,-1,-1
19,9,894.83,220.68,33.04,31.29,1,-1,-1,-1
19,10,742.50,161.85,27.96,23.48,1,-1,-1,-1
19,13,788.41,262.21,73.57,49.24,1,-1,-1,-1
19,14,946.56,232.15,68.54,32.43,1,-1,-1,-1
19,16,637.39,437.17,74.66,94.88,1,-1,-1,-1
19,19,495.54,220.20,40.64,39.01,1,-1,-1,-1
20,2,1164.19,512.50,110.58,107.15,1,-1,-1,-1
20,5,675.90,258.34,42.73,39.99,1,-1,-1,-1
20,6,508.18,346.12,54.91,58.86,1,-1,-1,-1
20,8,764.76,231.87,36.95,33.48,1,-1,-1,-1
20,9,895.44,221.38,33.25,31.43,1,-1,-1,-1
20,10,742.21,162.30,28.00,23.58,1,-1,-1,-1
20,13,787.85,262.93,73.60,49.51,1,-1,-1,-1
20,14,944.48,232.49,67.59,32.59,1,-1,-1,-1
20,16,636.97,430.64,74.02,93.38,1,-1,-1,-1
20,19,494.70,221.21,40.73,38.87,1,-1,-1,-1
21,2,1166.46,515.92,111.21,108.71,1,-1,-1,-1
21,5,675.81,256.72,42.43,39.51,1,-1,-1,-1
21,6,504.40,352.69,55.90,59.84,1,-1,-1,-1
21,8,765.43,231.99,36.95,33.56,1,-1,-1,-1
21,9,896.16,221.99,33.42,31.43,1,-1,-1,-1
21,10,742.40,162.62,28.01,23.61,1,-1,-1,-1
21,13,787.61,263.49,73.74,49.70,1,-1,-1,-1
21,14,946.57,233.64,67.19,32.63,1,-1,-1,-1
21,16,637.30,424.50,72.99,91.62,1,-1,-1,-1
21,19,493.74,221.96,40.82,38.81,1,-1,-1,-1
21,23,1148.92,404.56,136.41,56.14,1,-1,-1,-1
22,2,1169.36,520.36,111.85,109.92,1,-1,-1,-1
22,5,676.17,254.56,42.12,39.21,1,-1,-1,-1
22,6,500.30,360.19,57.21,61.21,1,-1,-1,-1
22,8,765.85,232.67,36.94,33.76,1,-1,-1,-1
22,9,897.19,222.99,33.47,31.40,1,-1,-1,-1
22,10,742.53,162.93,28.01,23.62,1,-1,-1,-1
22,13,786.99,264.53,73.87,49.96,1,-1,-1,-1
22,14,949.22,234.78,67.48,32.59,1,-1,-1,-1
22,19,492.57,222.83,41.06,38.92,1,-1,-1,-1
22,23,1157.26,411.11,142.14,58.08,1,-1,-1,-1
23,2,1173.86,524.24,112.22,110.49,1,-1,-1,-1
23,5,676.40,252.85,41.86,38.98,1,-1,-1,-1
23,6,496.06,367.60,58.25,62.49,1,-1,-1,-1
23,8,765.40,233.07,37.02,34.06,1,-1,-1,-1
23,9,897.55,223.88,33.73,31.42,1,-1,-1,-1
23,10,742.40,163.09,28.08,23.68,1,-1,-1,-1
23,13,787.02,265.75,73.81,50.13,1,-1,-1,-1
23,14,951.04,235.81,68.19,32.70,1,-1,-1,-1
23,19,491.53,223.29,41.26,39.02,1,-1,-1,-1
23,23,1157.60,416.04,143.61,57.82,1,-1,-1,-1
24,2,1176.79,527.94,112.95,111.57,1,-1,-1,-1
24,5,677.13,251.56,41.44,38.65,1,-1,-1,-1
24,6,492.23,375.67,59.50,63.54,1,-1,-1,-1
24,8,765.94,233.54,36.99,34.20,1,-1,-1,-1
24,9,898.49,225.21,33.77,31.35,1,-1,-1,-1
24,10,742.59,163.51,28.10,23.72,1,-1,-1,-1
24,13,787.36,267.19,73.66,50.37,1,-1,-1,-1
24,14,951.91,236.29,68.68,32.84,1,-1,-1,-1
24,19,490.79,223.59,41.26,39.12,1,-1,-1,-1
24,23,1162.76,422.24,147.14,57.96,1,-1,-1,-1
24,26,642.74,420.88,64.46,74.46,1,-1,-1,-1
24,27,1277.05,656.00,83.53,109.23,1,-1,-1,-1
25,2,1178.59,532.26,114.18,112.54,1,-1,-1,-1
25,5,676.41,249.93,40.93,38.00,1,-1,-1,-1
25,6,487.81,384.62,60.59,64.66,1,-1,-1,-1
25,8,765.79,234.89,37.08,34.22,1,-1,-1,-1
25,9,899.42,226.01,33.78,31.25,1,-1,-1,-1
25,10,742.57,163.89,28.16,23.76,1,-1,-1,-1
25,13,786.29,268.56,73.83,50.56,1,-1,-1,-1
25,14,950.09,237.75,68.01,32.75,1,-1,-1,-1
25,19,490.56,223.95,41.26,39.28,1,-1,-1,-1
25,23,1164.72,422.25,150.20,57.97,1,-1,-1,-1
25,26,640.26,411.82,63.81,74.25,1,-1,-1,-1
26,2,1182.29,535.20,114.91,113.89,1,-1,-1,-1
26,5,676.73,247.92,40.43,37.66,1,-1,-1,-1
26,6,483.46,393.61,61.76,65.64,1,-1,-1,-1
26,8,765.97,236.18,37.21,34.22,1,-1,-1,-1
26,9,899.90,226.45,33.82,31.31,1,-1,-1,-1
26,10,742.81,164.21,28.20,23.81,1,-1,-1,-1
26,13,785.80,269.87,73.87,50.79,1,-1,-1,-1
26,14,952.87,238.85,68.28,32.80,1,-1,-1,-1
26,19,490.23,224.43,41.23,39.44,1,-1,-1,-1
26,23,1166.69,424.81,152.36,57.74,1,-1,-1,-1
26,26,641.14,403.79,62.82,73.36,1,-1,-1,-1
27,2,1185.26,539.70,115.97,114.36,1,-1,-1,-1
27,5,676.49,246.17,39.98,37.40,1,-1,-1,-1
27,6,477.74,402.75,62.73,66.98,1,-1,-1,-1
27,8,766.28,237.15,37.31,34.35,1,-1,-1,-1
27,9,900.70,227.52,33.69,31.42,1,-1,-1,-1
27,10,743.61,165.04,28.17,23.84,1,-1,-1,-1
27,13,785.00,270.83,74.18,51.18,1,-1,-1,-1
27,14,954.14,239.57,68.25,32.92,1,-1,-1,-1
27,19,489.53,224.75,41.31,39.62,1,-1,-1,-1
27,23,1167.78,427.32,153.93,57.41,1,-1,-1,-1
27,26,640.64,397.95,62.91,72.72,1,-1,-1,-1
27,29,1299.03,277.70,17.88,36.31,1,-1,-1,-1
28,2,1193.38,544.69,115.66,114.94,1,-1,-1,-1
28,5,675.87,244.16,39.74,37.02,1,-1,-1,-1
28,8,765.72,237.73,37.64,34.58,1,-1,-1,-1
28,9,901.47,228.16,33.71,31.47,1,-1,-1,-1
28,10,744.00,165.68,28.13,23.81,1,-1,-1,-1
28,13,784.66,272.56,74.40,51.19,1,-1,-1,-1
28,14,954.68,240.43,68.40,32.98,1,-1,-1,-1
28,19,488.99,224.99,41.35,39.79,1,-1,-1,-1
28,26,639.73,392.08,62.42,72.31,1,-1,-1,-1
28,29,1302.69,280.79,17.61,36.84,1,-1,-1,-1
29,2,1198.09,547.60,115.11,115.81,1,-1,-1,-1
29,5,675.24,242.06,39.45,36.67,1,-1,-1,-1
29,8,765.32,238.20,37.85,34.67,1,-1,-1,-1
29,9,901.68,228.58,33.67,31.56,1,-1,-1,-1
29,10,743.85,165.91,28.15,23.80,1,-1,-1,-1
29,13,784.43,274.04,74.64,51.20,1,-1,-1,-1
29,14,955.79,240.68,68.63,33.08,1,-1,-1,-1
29,19,488.02,226.31,41.47,39.71,1,-1,-1,-1
29,26,640.25,387.10,62.14,71.43,1,-1,-1,-1
29,29,1304.42,283.86,17.25,36.72,1,-1,-1,-1
30,2,1204.00,553.30,114.44,116.02,1,-1,-1,-1
30,5,675.28,240.28,39.04,36.19,1,-1,-1,-1
30,8,765.66,238.97,37.91,34.77,1,-1,-1,-1
30,9,902.41,228.56,33.55,31.68,1,-1,-1,-1
30,10,743.50,166.22,28.22,23.87,1,-1,-1,-1
30,13,784.84,274.35,74.65,51.32,1,-1,-1,-1
30,14,956.75,240.90,68.84,33.20,1,-1,-1,-1
30,19,487.48,227.12,41.48,39.68,1,-1,-1,-1
30,26,639.76,381.71,61.67,70.55,1,-1,-1,-1
30,29,1307.68,284.42,17.02,36.53,1,-1,-1,-1
30,31,1172.48,425.37,157.53,67.68,1,-1,-1,-1
30,32,460.94,419.06,76.23,84.63,1,-1,-1,-1
30,33,678.97,625.13,94.56,137.47,1,-1,-1,-1
31,2,1208.60,556.73,114.13,116.35,1,-1,-1,-1
31,5,674.90,238.29,38.82,35.93,1,-1,-1,-1
31,8,765.37,239.00,38.10,34.82,1,-1,-1,-1
31,9,902.49,229.15,33.57,31.66,1,-1,-1,-1
31,10,743.20,166.33,28.26,23.97,1,-1,-1,-1
31,13,784.20,274.71,74.84,51.49,1,-1,-1,-1
31,14,959.23,241.47,69.45,33.31,1,-1,-1,-1
31,19,486.76,227.66,41.51,39.79,1,-1,-1,-1
31,26,639.73,377.11,61.13,69.58,1,-1,-1,-1
31,29,1309.52,283.74,17.03,36.97,1,-1,-1,-1
31,31,1174.18,424.90,160.09,66.99,1,-1,-1,-1
31,32,452.73,431.83,76.73,84.93,1,-1,-1,-1
31,33,675.11,610.17,93.85,143.31,1,-1,-1,-1
32,5,674.71,236.66,38.71,35.61,1,-1,-1,-1
32,8,765.89,240.62,38.19,34.77,1,-1,-1,-1
32,9,902.11,229.85,33.74,31.73,1,-1,-1,-1
32,10,742.83,166.51,28.40,24.12,1,-1,-1,-1
32,13,784.41,275.00,74.98,51.57,1,-1,-1,-1
32,14,959.28,241.85,69.97,33.57,1,-1,-1,-1
32,19,485.76,228.56,41.66,39.96,1,-1,-1,-1
32,26,639.43,372.07,60.70,68.85,1,-1,-1,-1
32,29,1312.10,284.97,16.93,36.53,1,-1,-1,-1
32,31,1170.90,429.38,156.87,67.50,1,-1,-1,-1
32,32,445.90,445.75,76.97,86.90,1,-1,-1,-1
32,33,671.71,590.33,93.39,144.00,1,-1,-1,-1
33,5,675.11,234.49,38.40,35.27,1,-1,-1,-1
33,8,766.52,240.89,38.10,34.76,1,-1,-1,-1
33,9,902.28,230.18,33.89,31.73,1,-1,-1,-1
33,10,742.77,166.67,28.49,24.24,1,-1,-1,-1
33,13,784.10,275.66,75.21,51.78,1,-1,-1,-1
33,14,960.02,241.86,70.44,33.76,1,-1,-1,-1
33,19,485.40,229.17,41.93,40.23,1,-1,-1,-1
33,26,638.83,367.91,60.21,67.89,1,-1,-1,-1
33,29,1314.12,286.41,16.77,36.13,1,-1,-1,-1
33,31,1171.32,433.47,153.91,66.85,1,-1,-1,-1
33,32,439.41,460.51,78.19,88.28,1,-1,-1,-1
33,33,671.49,570.84,93.00,143.42,1,-1,-1,-1
34,5,675.55,232.88,38.15,35.01,1,-1,-1,-1
34,8,766.95,241.48,38.12,34.82,1,-1,-1,-1
34,9,902.55,230.67,34.01,31.81,1,-1,-1,-1
34,10,742.49,166.46,28.59,24.39,1,-1,-1,-1
34,13,784.27,276.63,75.56,51.99,1,-1,-1,-1
34,14,960.03,242.46,71.17,34.01,1,-1,-1,-1
34,19,484.81,229.51,42.18,40.51,1,-1,-1,-1
34,26,638.16,363.01,59.54,66.84,1,-1,-1,-1
34,29,1315.65,286.67,16.56,36.19,1,-1,-1,-1
34,31,1180.55,436.62,155.80,66.55,1,-1,-1,-1
34,32,434.75,472.72,79.49,89.79,1,-1,-1,-1
34,33,668.55,559.68,92.97,141.52,1,-1,-1,-1
34,34,1205.98,557.58,127.89,129.13,1,-1,-1,-1
35,5,675.52,230.90,37.85,34.73,1,-1,-1,-1
35,8,767.35,241.52,38.10,34.86,1,-1,-1,-1
35,9,902.98,231.47,34.17,31.91,1,-1,-1,-1
35,10,742.29,166.68,28.69,24.42,1,-1,-1,-1
35,13,784.38,277.63,75.88,52.15,1,-1,-1,-1
35,14,960.17,243.04,71.71,34.26,1,-1,-1,-1
35,19,484.05,229.70,42.33,40.61,1,-1,-1,-1
35,26,637.82,358.45,58.79,65.79,1,-1,-1,-1
35,31,1185.08,441.55,156.86,65.39,1,-1,-1,-1
35,32,428.34,486.47,80.57,92.31,1,-1,-1,-1
35,34,1206.07,562.58,130.01,128.28,1,-1,-1,-1
36,5,675.42,229.16,37.74,34.35,1,-1,-1,-1
36,8,767.51,241.77,38.13,35.00,1,-1,-1,-1
36,9,903.65,232.32,34.22,31.97,1,-1,-1,-1
36,10,742.45,166.74,28.73,24.47,1,-1,-1,-1
36,13,784.37,278.86,76.30,52.29,1,-1,-1,-1
36,14,960.89,243.99,72.42,34.51,1,-1,-1,-1
36,19,483.54,229.98,42.54,40.70,1,-1,-1,-1
36,26,637.28,354.40,58.28,64.75,1,-1,-1,-1
36,31,1184.64,445.74,156.88,64.60,1,-1,-1,-1
36,34,1202.27,571.61,133.72,128.81,1,-1,-1,-1
37,5,675.40,227.25,37.52,33.97,1,-1,-1,-1
37,8,767.70,242.26,38.12,35.05,1,-1,-1,-1
37,9,904.36,232.84,34.34,31.99,1,-1,-1,-1
37,10,742.45,166.87,28.70,24.48,1,-1,-1,-1
37,13,784.89,279.99,76.48,52.31,1,-1,-1,-1
37,14,960.68,244.63,73.00,34.61,1,-1,-1,-1
37,19,483.03,230.72,42.54,40.95,1,-1,-1,-1
37,26,637.10,349.54,57.89,63.94,1,-1,-1,-1
37,31,1189.59,447.93,159.10,64.12,1,-1,-1,-1
37,34,1208.89,576.09,134.84,128.65,1,-1,-1,-1
37,35,667.98,544.60,86.74,120.52,1,-1,-1,-1
38,5,674.97,225.18,37.43,33.65,1,-1,-1,-1
38,8,767.73,242.75,38.11,35.02,1,-1,-1,-1
38,9,904.78,233.09,34.45,32.14,1,-1,-1,-1
38,10,742.96,167.21,28.60,24.46,1,-1,-1,-1
38,13,784.99,280.29,76.89,52.49,1,-1,-1,-1
38,14,960.98,245.35,73.41,34.74,1,-1,-1,-1
38,19,482.22,230.77,42.66,41.18,1,-1,-1,-1
38,26,637.36,345.44,57.48,62.79,1,-1,-1,-1
38,31,1188.81,451.54,159.21,63.48,1,-1,-1,-1
38,35,667.98,528.67,84.92,118.56,1,-1,-1,-1
39,5,674.79,223.58,37.19,33.36,1,-1,-1,-1
39,8,767.70,243.96,38.17,35.27,1,-1,-1,-1
39,9,905.59,233.64,34.50,32.15,1,-1,-1,-1
39,10,743.00,167.56,28.59,24.43,1,-1,-1,-1
39,13,784.96,281.11,77.21,52.79,1,-1,-1,-1
39,14,960.99,245.72,73.65,34.87,1,-1,-1,-1
39,19,481.66,231.28,42.70,41.23,1,-1,-1,-1
39,26,637.10,341.53,57.01,61.89,1,-1,-1,-1
39,31,1190.24,455.71,157.59,62.15,1,-1,-1,-1
39,35,664.73,513.68,84.22,116.69,1,-1,-1,-1
40,5,675.06,222.34,37.04,33.03,1,-1,-1,-1
40,8,767.78,244.76,38.17,35.42,1,-1,-1,-1
40,9,906.66,234.45,34.43,32.11,1,-1,-1,-1
40,10,743.37,168.06,28.62,24.50,1,-1,-1,-1
40,13,784.82,281.78,77.53,53.06,1,-1,-1,-1
40,14,961.54,246.30,73.61,34.93,1,-1,-1,-1
40,19,480.86,231.55,42.82,41.33,1,-1,-1,-1
40,26,636.58,337.75,56.31,60.98,1,-1,-1,-1
40,31,1193.68,459.09,158.77,62.02,1,-1,-1,-1
40,35,664.25,501.90,82.72,114.30,1,-1,-1,-1
40,37,1213.80,579.49,147.19,139.34,1,-1,-1,-1
41,5,675.01,220.22,36.68,32.70,1,-1,-1,-1
41,8,767.64,245.44,38.19,35.62,1,-1,-1,-1
41,9,907.53,234.93,34.55,32.08,1,-1,-1,-1
41,10,743.48,168.16,28.46,24.49,1,-1,-1,-1
41,13,784.57,282.32,77.88,53.20,1,-1,-1,-1
41,14,962.84,246.94,73.60,35.06,1,-1,-1,-1
41,19,480.10,231.61,42.96,41.68,1,-1,-1,-1
41,26,636.76,333.48,55.51,59.94,1,-1,-1,-1
41,31,1199.10,461.55,159.23,61.46,1,-1,-1,-1
41,35,663.13,491.74,81.46,112.35,1,-1,-1,-1
41,37,1215.12,584.31,146.50,143.51,1,-1,-1,-1
42,5,674.63,218.77,36.30,32.33,1,-1,-1,-1
42,8,767.77,246.03,38.29,35.63,1,-1,-1,-1
42,9,907.87,235.37,34.67,32.12,1,-1,-1,-1
42,10,743.54,168.07,28.42,24.56,1,-1,-1,-1
42,13,785.13,282.29,78.49,53.30,1,-1,-1,-1
42,14,963.36,247.08,73.83,35.32,1,-1,-1,-1
42,19,479.43,232.05,43.15,41.92,1,-1,-1,-1
42,26,636.61,329.81,54.82,59.04,1,-1,-1,-1
42,31,1200.20,463.52,158.90,60.85,1,-1,-1,-1
43,5,674.76,217.25,35.95,31.88,1,-1,-1,-1
43,8,768.04,246.47,38.41,35.64,1,-1,-1,-1
43,9,908.76,235.87,34.53,32.13,1,-1,-1,-1
43,10,743.81,168.39,28.49,24.65,1,-1,-1,-1
43,13,785.37,282.84,78.92,53.54,1,-1,-1,-1
43,14,964.69,247.21,74.05,35.51,1,-1,-1,-1
43,19,478.68,232.32,43.25,41.98,1,-1,-1,-1
43,26,636.04,325.02,54.21,58.40,1,-1,-1,-1
43,31,1201.70,466.04,158.68,60.46,1,-1,-1,-1
44,5,674.51,215.33,35.70,31.59,1,-1,-1,-1
44,8,768.52,246.23,38.50,35.88,1,-1,-1,-1
44,9,908.98,236.27,34.44,32.18,1,-1,-1,-1
44,10,744.22,168.58,28.48,24.70,1,-1,-1,-1
44,13,785.46,283.69,79.24,53.99,1,-1,-1,-1
44,14,966.39,247.35,73.96,35.71,1,-1,-1,-1
44,19,478.47,232.52,43.34,42.18,1,-1,-1,-1
44,26,635.33,321.34,53.44,57.37,1,-1,-1,-1
44,31,1205.91,468.34,157.78,59.87,1,-1,-1,-1
44,40,664.87,480.42,71.93,95.10,1,-1,-1,-1
44,42,343.32,604.63,119.83,157.08,1,-1,-1,-1
45,5,674.29,213.15,35.60,31.52,1,-1,-1,-1
45,8,768.59,246.65,38.67,35.94,1,-1,-1,-1
45,9,909.06,236.27,34.57,32.27,1,-1,-1,-1
45,10,744.23,168.71,28.58,24.78,1,-1,-1,-1
45,13,785.73,284.13,79.64,54.19,1,-1,-1,-1
45,14,967.51,247.87,74.39,35.77,1,-1,-1,-1
45,19,477.88,232.53,43.37,42.23,1,-1,-1,-1
45,26,635.86,317.90,53.00,56.78,1,-1,-1,-1
45,40,664.36,468.53,71.17,92.87,1,-1,-1,-1
45,43,1217.28,587.50,140.29,160.77,1,-1,-1,-1
46,5,674.60,211.42,35.35,31.36,1,-1,-1,-1
46,8,768.63,247.39,38.83,35.94,1,-1,-1,-1
46,9,909.05,236.29,34.83,32.25,1,-1,-1,-1
46,10,743.49,168.03,28.69,24.85,1,-1,-1,-1
46,13,785.19,284.69,80.04,54.48,1,-1,-1,-1
46,14,967.74,248.15,74.55,35.87,1,-1,-1,-1
46,19,477.42,233.17,43.53,42.38,1,-1,-1,-1
46,26,637.22,314.83,52.28,56.04,1,-1,-1,-1
46,40,661.98,456.50,70.73,91.08,1,-1,-1,-1
47,5,674.22,209.89,35.28,31.22,1,-1,-1,-1
47,8,768.52,248.12,39.09,36.04,1,-1,-1,-1
47,9,909.78,236.19,34.99,32.35,1,-1,-1,-1
47,10,743.16,167.54,28.75,24.94,1,-1,-1,-1
47,13,785.11,285.04,80.37,54.71,1,-1,-1,-1
47,14,967.29,248.64,74.68,35.91,1,-1,-1,-1
47,19,476.10,233.88,43.54,42.41,1,-1,-1,-1
47,26,638.08,311.49,51.71,55.26,1,-1,-1,-1
47,40,661.50,448.63,69.88,89.95,1,-1,-1,-1
48,5,674.36,208.81,35.15,30.96,1,-1,-1,-1
48,8,768.70,248.74,39.28,36.21,1,-1,-1,-1
48,9,910.70,236.78,35.13,32.43,1,-1,-1,-1
48,10,743.00,167.52,28.84,25.02,1,-1,-1,-1
48,13,785.11,285.51,80.73,54.95,1,-1,-1,-1
48,14,968.09,249.30,74.79,35.92,1,-1,-1,-1
48,19,475.31,234.97,43.67,42.52,1,-1,-1,-1
48,26,638.13,308.14,51.08,54.55,1,-1,-1,-1
48,40,660.98,441.59,69.05,88.14,1,-1,-1,-1
49,5,674.80,207.56,34.99,30.87,1,-1,-1,-1
49,8,769.04,248.65,39.38,36.27,1,-1,-1,-1
49,9,911.52,237.32,35.26,32.48,1,-1,-1,-1
49,10,743.56,168.29,28.97,25.09,1,-1,-1,-1
49,13,785.10,286.41,81.02,55.09,1,-1,-1,-1
49,14,970.64,250.16,75.56,35.98,1,-1,-1,-1
49,19,474.65,235.49,43.82,42.58,1,-1,-1,-1
49,26,639.10,304.59,50.31,53.68,1,-1,-1,-1
49,40,660.27,433.52,67.86,86.52,1,-1,-1,-1
50,5,674.83,205.56,34.95,30.67,1,-1,-1,-1
50,8,769.26,248.61,39.49,36.32,1,-1,-1,-1
50,9,911.51,237.55,35.43,32.62,1,-1,-1,-1
50,10,744.10,168.90,29.03,25.04,1,-1,-1,-1
50,13,785.08,286.73,81.18,55.17,1,-1,-1,-1
50,14,970.63,251.41,75.88,36.14,1,-1,-1,-1
50,19,474.26,235.97,43.87,42.67,1,-1,-1,-1
50,26,639.65,301.44,49.64,53.05,1,-1,-1,-1
50,40,660.47,425.92,67.05,84.87,1,-1,-1,-1
51,5,675.06,203.97,34.74,30.48,1,-1,-1,-1
51,8,769.61,248.99,39.54,36.50,1,-1,-1,-1
51,9,911.71,238.06,35.79,32.87,1,-1,-1,-1
51,10,743.83,168.91,29.00,24.96,1,-1,-1,-1
51,13,785.01,287.27,81.33,55.20,1,-1,-1,-1
51,14,972.20,252.15,76.36,36.11,1,-1,-1,-1
51,19,473.50,236.74,43.93,42.70,1,-1,-1,-1
51,26,639.64,298.39,49.05,52.31,1,-1,-1,-1
51,40,659.07,418.79,66.50,83.36,1,-1,-1,-1
51,48,618.11,161.18,27.63,24.68,1,-1,-1,-1
52,5,675.27,202.99,34.56,30.30,1,-1,-1,-1
52,8,769.83,249.68,39.67,36.58,1,-1,-1,-1
52,9,911.60,238.88,36.19,33.05,1,-1,-1,-1
52,10,743.95,169.41,29.00,24.89,1,-1,-1,-1
52,13,784.84,288.90,81.64,55.39,1,-1,-1,-1
52,14,973.53,252.89,76.82,36.06,1,-1,-1,-1
52,19,472.67,237.56,44.06,42.74,1,-1,-1,-1
52,26,640.16,295.18,48.73,51.75,1,-1,-1,-1
52,40,657.90,412.68,65.89,81.97,1,-1,-1,-1
52,48,617.78,162.28,27.65,25.28,1,-1,-1,-1
53,5,674.53,201.93,34.28,30.02,1,-1,-1,-1
53,8,769.96,250.25,39.83,36.68,1,-1,-1,-1
53,9,912.17,239.55,36.44,33.25,1,-1,-1,-1
53,10,743.72,169.78,29.03,24.91,1,-1,-1,-1
53,13,785.12,290.27,81.88,55.50,1,-1,-1,-1
53,14,972.16,253.64,77.30,36.21,1,-1,-1,-1
53,19,471.55,238.47,44.29,42.88,1,-1,-1,-1
53,26,640.45,291.93,48.36,51.15,1,-1,-1,-1
53,40,657.25,406.55,65.25,80.41,1,-1,-1,-1
53,48,616.40,163.99,27.70,25.48,1,-1,-1,-1
54,5,674.18,201.07,34.24,29.80,1,-1,-1,-1
54,8,769.95,251.05,39.96,36.88,1,-1,-1,-1
54,9,912.47,239.75,36.68,33.30,1,-1,-1,-1
54,10,743.64,169.57,29.10,25.06,1,-1,-1,-1
54,13,784.69,292.17,82.06,55.52,1,-1,-1,-1
54,14,973.26,253.40,77.90,36.22,1,-1,-1,-1
54,19,470.59,238.28,44.69,43.04,1,-1,-1,-1
54,26,640.31,288.50,48.10,50.83,1,-1,-1,-1
54,40,656.75,400.67,64.57,78.96,1,-1,-1,-1
54,48,615.71,165.06,27.73,25.74,1,-1,-1,-1
55,5,673.71,199.51,34.26,29.54,1,-1,-1,-1
55,8,769.90,251.26,40.01,37.00,1,-1,-1,-1
55,9,912.98,239.97,36.84,33.47,1,-1,-1,-1
55,10,743.37,169.58,29.26,25.17,1,-1,-1,-1
55,13,784.60,292.57,82.30,55.62,1,-1,-1,-1
55,14,973.55,254.35,78.11,36.17,1,-1,-1,-1
55,19,469.30,238.90,44.91,43.00,1,-1,-1,-1
55,26,640.83,286.19,47.89,50.42,1,-1,-1,-1
55,40,656.60,395.15,63.81,77.57,1,-1,-1,-1
55,48,615.01,166.69,27.85,26.17,1,-1,-1,-1
56,5,673.05,197.78,34.15,29.54,1,-1,-1,-1
56,8,769.80,251.82,40.26,37.05,1,-1,-1,-1
56,9,913.35,240.96,37.09,33.61,1,-1,-1,-1
56,10,743.16,170.07,29.40,25.19,1,-1,-1,-1
56,13,784.50,293.18,82.53,55.87,1,-1,-1,-1
56,14,973.46,254.89,78.35,36.10,1,-1,-1,-1
56,19,468.74,239.36,45.07,42.99,1,-1,-1,-1
56,26,641.30,283.80,47.49,49.87,1,-1,-1,-1
56,40,655.59,390.78,63.34,76.22,1,-1,-1,-1
56,48,614.45,168.33,28.02,26.33,1,-1,-1,-1
57,5,672.44,196.72,34.11,29.58,1,-1,-1,-1
57,8,769.84,252.16,40.35,37.16,1,-1,-1,-1
57,9,913.74,241.27,37.22,33.76,1,-1,-1,-1
57,10,743.24,170.10,29.50,25.24,1,-1,-1,-1
57,13,783.56,293.76,82.80,56.14,1,-1,-1,-1
57,14,973.62,255.11,78.64,36.13,1,-1,-1,-1
57,19,468.70,240.02,45.04,43.11,1,-1,-1,-1
57,26,642.18,280.62,46.98,49.26,1,-1,-1,-1
57,40,655.17,385.57,62.74,74.72,1,-1,-1,-1
57,48,614.14,170.21,28.15,26.50,1,-1,-1,-1
58,5,672.28,195.50,34.05,29.58,1,-1,-1,-1
58,8,770.04,252.99,40.40,37.30,1,-1,-1,-1
58,9,914.40,242.06,37.28,33.85,1,-1,-1,-1
58,10,744.30,171.09,29.47,25.23,1,-1,-1,-1
58,13,782.95,294.60,82.97,56.45,1,-1,-1,-1
58,14,973.76,255.85,78.81,36.07,1,-1,-1,-1
58,19,468.36,240.73,45.08,43.23,1,-1,-1,-1
58,26,642.71,277.19,46.41,48.72,1,-1,-1,-1
58,40,654.90,380.56,62.12,73.16,1,-1,-1,-1
58,48,613.83,171.52,28.12,26.78,1,-1,-1,-1
59,5,672.52,194.91,34.03,29.33,1,-1,-1,-1
59,8,769.92,253.60,40.59,37.26,1,-1,-1,-1
59,9,915.45,243.13,37.22,33.92,1,-1,-1,-1
59,10,744.63,171.98,29.53,25.19,1,-1,-1,-1
59,13,783.05,296.17,83.47,56.78,1,-1,-1,-1
59,14,974.56,256.50,78.86,36.30,1,-1,-1,-1
59,19,467.82,241.07,45.09,43.37,1,-1,-1,-1
59,26,643.16,275.05,45.66,48.07,1,-1,-1,-1
59,40,654.62,375.09,61.52,71.56,1,-1,-1,-1
59,48,613.27,173.05,28.22,26.98,1,-1,-1,-1
60,5,672.03,194.11,33.79,29.19,1,-1,-1,-1
60,8,769.84,254.90,40.79,37.40,1,-1,-1,-1
60,9,916.62,243.78,36.97,33.98,1,-1,-1,-1
60,10,745.04,172.80,29.46,25.13,1,-1,-1,-1
60,13,782.97,297.29,83.72,56.78,1,-1,-1,-1
60,14,975.05,256.84,78.99,36.37,1,-1,-1,-1
60,19,467.40,241.39,45.17,43.58,1,-1,-1,-1
60,26,643.64,271.96,45.13,47.46,1,-1,-1,-1
60,40,654.39,370.86,60.79,70.01,1,-1,-1,-1
60,48,612.52,174.66,28.42,27.16,1,-1,-1,-1
61,5,672.39,193.07,33.55,29.06,1,-1,-1,-1
61,8,769.69,255.56,41.01,37.64,1,-1,-1,-1
61,9,917.59,244.14,36.85,34.08,1,-1,-1,-1
61,10,744.75,172.80,29.54,25.21,1,-1,-1,-1
61,13,782.18,298.71,84.24,56.74,1,-1,-1,-1
61,14,975.37,257.24,79.29,36.67,1,-1,-1,-1
61,19,466.60,241.89,45.29,43.77,1,-1,-1,-1
61,26,644.12,269.44,44.53,46.97,1,-1,-1,-1
61,40,653.78,367.05,60.18,68.65,1,-1,-1,-1
61,48,611.84,176.27,28.66,27.40,1,-1,-1,-1
62,5,672.43,191.51,33.27,28.94,1,-1,-1,-1
62,8,770.05,256.35,41.14,37.63,1,-1,-1,-1
62,9,917.50,244.73,36.79,34.16,1,-1,-1,-1
62,10,744.66,172.60,29.52,25.28,1,-1,-1,-1
62,13,780.94,300.01,84.68,56.91,1,-1,-1,-1
62,14,975.82,257.53,79.43,36.86,1,-1,-1,-1
62,19,465.65,242.26,45.52,44.06,1,-1,-1,-1
62,26,644.12,267.20,44.01,46.29,1,-1,-1,-1
62,40,653.32,362.47,59.50,67.17,1,-1,-1,-1
62,48,611.11,178.60,28.91,27.58,1,-1,-1,-1
62,49,1241.69,487.92,118.29,87.65,1,-1,-1,-1
63,5,672.52,190.18,32.98,28.76,1,-1,-1,-1
63,8,770.29,256.63,41.36,37.77,1,-1,-1,-1
63,9,917.10,245.30,36.72,34.15,1,-1,-1,-1
63,10,744.26,172.51,29.57,25.27,1,-1,-1,-1
63,13,780.01,301.10,85.08,57.13,1,-1,-1,-1
63,14,976.79,258.08,79.79,36.95,1,-1,-1,-1
63,19,464.14,243.21,45.74,44.40,1,-1,-1,-1
63,26,644.31,264.20,43.71,45.84,1,-1,-1,-1
63,40,652.77,357.42,58.86,65.82,1,-1,-1,-1
63,48,609.27,180.99,29.26,27.71,1,-1,-1,-1
63,49,1243.88,493.70,117.08,88.51,1,-1,-1,-1
64,5,672.36,189.27,32.70,28.64,1,-1,-1,-1
64,8,770.33,257.16,41.46,38.06,1,-1,-1,-1
64,9,916.96,245.73,36.97,34.19,1,-1,-1,-1
64,10,743.96,173.09,29.67,25.31,1,-1,-1,-1
64,13,778.93,302.23,85.37,57.51,1,-1,-1,-1
64,14,976.87,259.08,80.19,37.37,1,-1,-1,-1
64,19,463.32,243.94,46.00,44.77,1,-1,-1,-1
64,26,644.30,261.29,43.36,45.50,1,-1,-1,-1
64,40,652.57,352.91,58.03,64.63,1,-1,-1,-1
64,48,608.30,182.55,29.62,28.00,1,-1,-1,-1
64,49,1245.68,501.11,116.17,88.57,1,-1,-1,-1
65,5,672.55,188.53,32.44,28.53,1,-1,-1,-1
65,8,770.59,257.87,41.48,38.33,1,-1,-1,-1
65,9,916.70,246.38,37.25,34.35,1,-1,-1,-1
65,10,743.61,173.55,29.84,25.36,1,-1,-1,-1
65,13,777.53,303.15,85.76,57.61,1,-1,-1,-1
65,14,976.79,259.95,80.37,37.68,1,-1,-1,-1
65,19,462.28,244.63,45.98,44.83,1,-1,-1,-1
65,26,644.32,259.68,42.88,44.92,1,-1,-1,-1
65,40,652.24,349.41,57.09,63.36,1,-1,-1,-1
65,48,607.39,184.52,29.88,28.25,1,-1,-1,-1
65,49,1247.53,507.58,115.09,89.09,1,-1,-1,-1
66,5,672.34,187.70,32.28,28.47,1,-1,-1,-1
66,8,770.57,258.82,41.65,38.59,1,-1,-1,-1
66,9,916.69,247.20,37.63,34.61,1,-1,-1,-1
66,10,743.66,174.20,30.05,25.39,1,-1,-1,-1
66,13,776.69,304.42,86.22,57.51,1,-1,-1,-1
66,14,977.13,260.62,80.81,38.11,1,-1,-1,-1
66,19,461.87,245.48,46.07,44.77,1,-1,-1,-1
66,26,643.98,257.81,42.65,44.37,1,-1,-1,-1
66,40,652.24,345.92,56.44,62.01,1,-1,-1,-1
66,48,606.73,187.10,30.14,28.50,1,-1,-1,-1
66,50,1121.11,474.10,124.77,110.23,1,-1,-1,-1
67,5,673.06,187.02,32.22,28.36,1,-1,-1,-1
67,8,771.15,259.20,41.70,38.72,1,-1,-1,-1
67,9,917.42,247.97,38.05,34.84,1,-1,-1,-1
67,10,743.95,174.55,30.20,25.37,1,-1,-1,-1
67,13,777.38,305.46,86.51,57.42,1,-1,-1,-1
67,14,979.63,261.36,80.79,37.97,1,-1,-1,-1
67,19,462.01,246.20,46.14,44.67,1,-1,-1,-1
67,26,645.76,255.31,42.17,43.82,1,-1,-1,-1
67,40,652.61,341.11,55.83,61.05,1,-1,-1,-1
67,48,606.04,189.42,30.45,28.82,1,-1,-1,-1
68,5,674.06,186.96,32.15,28.20,1,-1,-1,-1
68,8,772.68,260.48,41.64,38.77,1,-1,-1,-1
68,9,918.61,248.50,38.36,35.04,1,-1,-1,-1
68,10,744.90,174.97,30.28,25.30,1,-1,-1,-1
68,13,776.82,306.47,86.47,57.28,1,-1,-1,-1
68,14,981.33,263.04,81.13,37.97,1,-1,-1,-1
68,19,462.58,247.01,46.38,44.53,1,-1,-1,-1
68,26,647.56,253.00,41.96,43.26,1,-1,-1,-1
68,40,653.35,337.77,55.11,59.97,1,-1,-1,-1
68,48,606.31,191.21,30.90,28.98,1,-1,-1,-1
68,51,1260.59,510.65,100.30,72.82,1,-1,-1,-1
69,5,674.50,185.80,32.40,27.82,1,-1,-1,-1
69,8,773.41,261.29,41.59,38.84,1,-1,-1,-1
69,9,920.11,249.15,38.43,35.19,1,-1,-1,-1
69,10,745.51,175.50,30.33,25.27,1,-1,-1,-1
69,13,776.57,307.28,86.35,57.43,1,-1,-1,-1
69,14,983.16,263.87,81.44,38.19,1,-1,-1,-1
69,19,462.54,247.50,46.44,44.63,1,-1,-1,-1
69,26,648.25,250.99,41.62,42.82,1,-1,-1,-1
69,40,654.66,333.80,54.42,58.82,1,-1,-1,-1
69,48,605.95,193.18,31.28,29.28,1,-1,-1,-1
69,51,1262.45,518.86,99.10,69.99,1,-1,-1,-1
69,52,1139.08,483.55,119.37,112.66,1,-1,-1,-1
70,5,674.67,185.08,32.55,27.33,1,-1,-1,-1
70,8,773.99,261.79,41.54,38.84,1,-1,-1,-1
70,9,921.50,250.04,38.39,35.24,1,-1,-1,-1
70,10,745.95,175.97,30.40,25.32,1,-1,-1,-1
70,13,776.32,308.93,86.31,57.59,1,-1,-1,-1
70,14,984.35,264.69,81.96,38.22,1,-1,-1,-1
70,19,462.93,247.63,46.56,44.86,1,-1,-1,-1
70,26,649.28,248.50,41.29,42.35,1,-1,-1,-1
70,40,655.08,329.55,53.91,57.73,1,-1,-1,-1
70,48,605.38,195.81,31.59,29.48,1,-1,-1,-1
70,51,1262.51,518.90,97.11,70.12,1,-1,-1,-1
70,52,1139.81,485.57,120.12,112.29,1,-1,-1,-1
71,5,674.34,184.24,32.47,27.27,1,-1,-1,-1
71,8,774.32,262.62,41.49,38.97,1,-1,-1,-1
71,9,922.22,251.01,38.45,35.19,1,-1,-1,-1
71,10,746.47,176.09,30.39,25.42,1,-1,-1,-1
71,13,776.74,310.81,86.41,57.88,1,-1,-1,-1
71,14,985.77,265.02,82.15,38.40,1,-1,-1,-1
71,19,462.02,248.12,46.55,45.06,1,-1,-1,-1
71,26,649.22,246.05,40.98,42.00,1,-1,-1,-1
71,40,654.76,325.61,53.37,56.85,1,-1,-1,-1
71,48,604.52,197.88,31.90,29.62,1,-1,-1,-1
71,51,1265.35,525.42,95.56,71.77,1,-1,-1,-1
72,5,674.55,183.13,32.54,27.16,1,-1,-1,-1
72,8,773.75,263.30,41.58,39.13,1,-1,-1,-1
72,9,922.80,251.89,38.34,35.11,1,-1,-1,-1
72,10,746.70,176.72,30.40,25.46,1,-1,-1,-1
72,13,775.15,312.55,86.69,58.38,1,-1,-1,-1
72,14,986.05,264.81,82.38,38.43,1,-1,-1,-1
72,19,461.29,248.77,46.56,45.24,1,-1,-1,-1
72,26,648.44,243.95,40.71,41.48,1,-1,-1,-1
72,40,654.19,321.38,52.92,56.14,1,-1,-1,-1
72,48,602.68,199.97,32.34,30.07,1,-1,-1,-1
72,51,1267.82,523.35,94.31,74.06,1,-1,-1,-1
73,5,674.06,182.33,32.59,27.04,1,-1,-1,-1
73,8,774.08,264.00,41.68,39.28,1,-1,-1,-1
73,9,922.54,252.70,38.51,35.06,1,-1,-1,-1
73,10,746.84,176.89,30.50,25.51,1,-1,-1,-1
73,13,773.63,313.32,86.95,58.85,1,-1,-1,-1
73,14,985.75,265.91,82.78,38.60,1,-1,-1,-1
73,19,460.52,249.74,46.59,45.39,1,-1,-1,-1
73,26,648.18,242.54,40.45,41.01,1,-1,-1,-1
73,40,653.93,318.50,52.29,55.30,1,-1,-1,-1
73,48,601.82,202.10,32.67,30.55,1,-1,-1,-1
73,51,1270.46,525.32,92.86,74.90,1,-1,-1,-1
74,5,673.95,181.40,32.57,27.08,1,-1,-1,-1
74,8,774.12,264.59,41.79,39.47,1,-1,-1,-1
74,9,922.92,253.28,38.64,35.03,1,-1,-1,-1
74,10,746.89,177.05,30.61,25.60,1,-1,-1,-1
74,13,773.14,313.92,87.21,59.28,1,-1,-1,-1
74,14,985.35,266.00,83.44,38.85,1,-1,-1,-1
74,19,459.45,250.64,46.88,45.69,1,-1,-1,-1
74,26,648.54,240.24,40.24,40.47,1,-1,-1,-1
74,40,653.58,315.03,51.77,54.57,1,-1,-1,-1
74,48,601.12,204.73,32.99,31.00,1,-1,-1,-1
74,51,1273.45,530.85,91.29,74.92,1,-1,-1,-1
75,5,674.24,179.88,32.60,27.24,1,-1,-1,-1
75,8,774.62,264.99,41.91,39.61,1,-1,-1,-1
75,9,923.42,254.15,38.95,35.12,1,-1,-1,-1
75,10,747.52,177.28,30.66,25.75,1,-1,-1,-1
75,13,773.59,315.75,87.44,59.61,1,-1,-1,-1
75,14,985.33,266.34,84.05,39.05,1,-1,-1,-1
75,19,458.91,251.22,47.02,45.93,1,-1,-1,-1
75,26,650.11,238.69,39.99,39.86,1,-1,-1,-1
75,40,654.22,311.26,51.21,53.85,1,-1,-1,-1
75,48,600.06,207.20,33.39,31.49,1,-1,-1,-1
75,53,1132.55,491.77,138.64,123.44,1,-1,-1,-1
76,5,676.83,179.55,32.50,27.16,1,-1,-1,-1
76,8,777.13,266.11,42.15,39.58,1,-1,-1,-1
76,9,925.87,254.87,39.38,35.36,1,-1,-1,-1
76,10,749.54,177.38,30.69,25.88,1,-1,-1,-1
76,13,775.70,317.03,87.45,60.23,1,-1,-1,-1
76,14,988.91,268.29,84.48,38.99,1,-1,-1,-1
76,19,460.93,252.29,47.23,46.11,1,-1,-1,-1
76,26,653.00,237.54,39.77,39.34,1,-1,-1,-1
76,40,656.81,308.11,50.66,52.90,1,-1,-1,-1
76,48,601.19,208.90,33.82,31.88,1,-1,-1,-1
77,5,680.66,179.06,32.39,27.06,1,-1,-1,-1
77,8,781.38,267.49,42.28,39.77,1,-1,-1,-1
77,9,929.43,255.73,39.95,35.65,1,-1,-1,-1
77,10,753.39,178.18,30.83,25.84,1,-1,-1,-1
77,13,776.78,318.38,87.39,60.46,1,-1,-1,-1
77,14,995.06,270.72,84.80,38.94,1,-1,-1,-1
77,19,464.55,252.87,47.31,46.12,1,-1,-1,-1
77,26,656.93,236.10,39.53,38.84,1,-1,-1,-1
77,40,660.68,305.20,49.88,51.88,1,-1,-1,-1
77,48,604.60,211.08,33.95,32.14,1,-1,-1,-1
77,54,1292.39,539.17,68.97,79.95,1,-1,-1,-1
78,5,682.86,178.76,32.33,26.83,1,-1,-1,-1
78,8,783.63,267.91,42.27,39.95,1,-1,-1,-1
78,9,932.05,256.12,40.31,35.74,1,-1,-1,-1
78,10,756.08,179.10,30.75,25.71,1,-1,-1,-1
78,13,777.47,319.92,87.40,60.60,1,-1,-1,-1
78,14,998.70,271.64,85.32,39.18,1,-1,-1,-1
78,19,466.04,253.59,47.50,46.26,1,-1,-1,-1
78,26,660.02,234.15,39.38,38.29,1,-1,-1,-1
78,40,662.81,302.14,49.22,51.08,1,-1,-1,-1
78,48,606.35,213.35,34.26,32.41,1,-1,-1,-1
78,54,1295.18,542.66,66.88,79.33,1,-1,-1,-1
79,5,683.69,179.05,32.28,26.62,1,-1,-1,-1
79,8,784.49,269.19,42.34,40.06,1,-1,-1,-1
79,9,934.10,256.65,40.52,35.96,1,-1,-1,-1
79,10,757.02,179.69,30.71,25.64,1,-1,-1,-1
79,13,777.20,321.30,87.54,60.72,1,-1,-1,-1
79,14,1000.06,272.26,85.73,39.48,1,-1,-1,-1
79,19,466.09,254.17,47.77,46.41,1,-1,-1,-1
79,26,661.11,233.56,39.00,37.52,1,-1,-1,-1
79,40,663.37,298.25,48.75,50.58,1,-1,-1,-1
79,48,605.34,215.49,34.74,33.01,1,-1,-1,-1
79,54,1296.18,545.38,65.96,79.37,1,-1,-1,-1
80,5,683.51,178.15,32.14,26.37,1,-1,-1,-1
80,8,784.20,270.15,42.43,40.22,1,-1,-1,-1
80,9,935.08,257.25,40.65,36.01,1,-1,-1,-1
80,10,756.90,180.04,30.71,25.61,1,-1,-1,-1
80,13,776.19,322.59,87.67,60.95,1,-1,-1,-1
80,14,1000.82,274.08,85.80,39.44,1,-1,-1,-1
80,19,465.37,254.89,47.77,46.65,1,-1,-1,-1
80,26,661.99,231.93,38.47,36.95,1,-1,-1,-1
80,40,663.59,294.83,48.18,49.97,1,-1,-1,-1
80,48,603.82,218.15,35.18,33.66,1,-1,-1,-1
80,54,1299.30,550.27,64.24,78.67,1,-1,-1,-1
81,5,685.12,177.43,31.71,26.05,1,-1,-1,-1
81,8,784.12,270.80,42.47,40.37,1,-1,-1,-1
81,9,934.41,257.86,40.95,36.14,1,-1,-1,-1
81,10,756.41,180.27,30.77,25.60,1,-1,-1,-1
81,13,775.01,323.60,87.90,61.30,1,-1,-1,-1
81,14,1001.19,274.54,85.99,39.57,1,-1,-1,-1
81,19,464.18,255.72,47.89,46.63,1,-1,-1,-1
81,26,661.45,230.34,37.98,36.46,1,-1,-1,-1
81,40,663.05,291.74,47.71,49.49,1,-1,-1,-1
81,48,602.91,221.08,35.46,34.01,1,-1,-1,-1
81,54,1302.70,555.74,62.28,79.47,1,-1,-1,-1
82,5,685.02,176.74,31.53,25.76,1,-1,-1,-1
82,8,783.59,271.53,42.55,40.50,1,-1,-1,-1
82,9,934.03,258.59,41.05,36.15,1,-1,-1,-1
82,10,755.80,180.45,30.80,25.60,1,-1,-1,-1
82,13,773.74,326.05,88.00,61.57,1,-1,-1,-1
82,14,999.85,274.46,86.28,39.70,1,-1,-1,-1
82,19,462.78,256.47,47.85,46.73,1,-1,-1,-1
82,26,661.67,227.81,37.52,36.21,1,-1,-1,-1
82,40,663.07,289.32,47.01,48.80,1,-1,-1,-1
82,48,601.65,224.05,35.65,34.18,1,-1,-1,-1
82,55,1165.21,516.58,137.18,121.69,1,-1,-1,-1
83,5,684.42,175.99,31.38,25.58,1,-1,-1,-1
83,8,783.76,272.00,42.70,40.64,1,-1,-1,-1
83,9,935.56,259.70,41.02,36.28,1,-1,-1,-1
83,10,755.29,180.67,30.84,25.64,1,-1,-1,-1
83,13,772.19,327.72,88.16,62.06,1,-1,-1,-1
83,14,1000.34,274.96,86.47,39.67,1,-1,-1,-1
83,19,461.73,257.16,48.04,46.96,1,-1,-1,-1
83,26,661.64,226.06,37.19,35.93,1,-1,-1,-1
83,40,663.36,286.74,46.29,48.16,1,-1,-1,-1
83,48,600.56,227.09,36.05,34.55,1,-1,-1,-1
84,5,683.97,175.01,31.30,25.56,1,-1,-1,-1
84,8,783.69,273.06,42.87,40.72,1,-1,-1,-1
84,9,936.52,260.94,41.10,36.41,1,-1,-1,-1
84,10,754.62,181.27,30.93,25.69,1,-1,-1,-1
84,13,770.06,330.57,88.37,62.23,1,-1,-1,-1
84,14,1000.60,274.92,86.38,39.85,1,-1,-1,-1
84,19,461.00,258.08,48.13,47.17,1,-1,-1,-1
84,26,660.97,224.52,36.97,35.71,1,-1,-1,-1
84,40,662.40,284.36,45.98,47.45,1,-1,-1,-1
84,48,599.25,230.39,36.44,34.86,1,-1,-1,-1
84,56,1313.58,551.24,47.31,92.34,1,-1,-1,-1
85,5,683.41,174.38,31.09,25.41,1,-1,-1,-1
85,8,783.75,273.63,42.99,40.72,1,-1,-1,-1
85,9,936.37,261.95,41.30,36.58,1,-1,-1,-1
85,10,754.82,181.92,30.97,25.73,1,-1,-1,-1
85,13,768.47,332.05,88.81,62.59,1,-1,-1,-1
85,14,1000.71,275.55,86.62,39.86,1,-1,-1,-1
85,19,459.46,258.76,48.33,47.34,1,-1,-1,-1
85,26,660.49,223.01,36.72,35.37,1,-1,-1,-1
85,40,662.93,281.02,45.31,46.82,1,-1,-1,-1
85,48,597.68,233.33,36.62,35.21,1,-1,-1,-1
85,56,1315.65,562.55,45.77,90.24,1,-1,-1,-1
86,5,683.40,173.75,30.77,25.23,1,-1,-1,-1
86,8,783.87,274.51,43.03,40.93,1,-1,-1,-1
86,9,935.42,262.69,41.67,36.71,1,-1,-1,-1
86,10,754.51,182.40,31.07,25.83,1,-1,-1,-1
86,13,766.48,333.75,89.10,62.91,1,-1,-1,-1
86,14,1000.79,277.06,86.75,39.87,1,-1,-1,-1
86,19,458.57,259.34,48.56,47.62,1,-1,-1,-1
86,26,660.32,220.79,36.36,35.24,1,-1,-1,-1
86,40,662.90,278.80,45.01,46.11,1,-1,-1,-1
86,48,595.43,235.88,37.10,35.71,1,-1,-1,-1
87,5,683.98,172.44,30.46,25.14,1,-1,-1,-1
87,8,783.87,275.88,43.07,41.05,1,-1,-1,-1
87,9,934.83,263.47,42.02,36.83,1,-1,-1,-1
87,10,754.30,182.94,31.27,25.95,1,-1,-1,-1
87,13,763.87,335.15,89.69,63.25,1,-1,-1,-1
87,14,1001.18,277.68,86.89,39.99,1,-1,-1,-1
87,19,458.03,260.37,48.60,47.90,1,-1,-1,-1
87,26,659.39,218.53,36.15,34.96,1,-1,-1,-1
87,40,663.29,276.07,44.58,45.52,1,-1,-1,-1
87,48,593.23,238.68,37.73,36.38,1,-1,-1,-1
88,5,684.88,171.33,30.13,25.03,1,-1,-1,-1
88,8,783.88,276.70,43.13,41.15,1,-1,-1,-1
88,9,935.31,263.93,42.05,36.80,1,-1,-1,-1
88,10,754.23,183.25,31.43,26.03,1,-1,-1,-1
88,13,761.22,336.01,90.13,63.37,1,-1,-1,-1
88,14,1002.18,279.09,87.01,40.13,1,-1,-1,-1
88,19,457.10,261.24,48.86,48.24,1,-1,-1,-1
88,26,658.75,218.10,36.01,34.76,1,-1,-1,-1
88,40,663.89,273.04,43.96,44.93,1,-1,-1,-1
88,48,591.54,241.73,38.23,36.91,1,-1,-1,-1
89,5,684.94,170.75,29.87,24.91,1,-1,-1,-1
89,8,783.69,277.90,43.15,41.24,1,-1,-1,-1
89,9,935.73,264.47,42.15,36.97,1,-1,-1,-1
89,10,754.63,183.81,31.54,26.11,1,-1,-1,-1
89,13,759.03,336.94,90.60,63.53,1,-1,-1,-1
89,14,1003.52,280.45,87.02,40.34,1,-1,-1,-1
89,19,456.18,261.86,49.09,48.45,1,-1,-1,-1
89,26,658.54,216.85,35.83,34.25,1,-1,-1,-1
89,40,664.28,270.40,43.44,44.15,1,-1,-1,-1
89,48,589.89,245.31,38.68,37.36,1,-1,-1,-1
90,5,685.49,170.47,29.55,24.78,1,-1,-1,-1
90,8,783.39,278.94,43.27,41.34,1,-1,-1,-1
90,9,936.38,264.94,42.16,37.17,1,-1,-1,-1
90,10,754.91,184.15,31.61,26.20,1,-1,-1,-1
90,13,756.65,338.49,91.15,63.95,1,-1,-1,-1
90,14,1003.62,281.78,87.16,40.79,1,-1,-1,-1
90,19,455.46,263.02,49.42,48.42,1,-1,-1,-1
90,26,660.00,215.08,35.64,34.07,1,-1,-1,-1
90,40,664.06,267.82,42.97,43.50,1,-1,-1,-1
90,48,588.81,249.65,39.29,37.88,1,-1,-1,-1
91,5,686.00,170.24,29.23,24.60,1,-1,-1,-1
91,8,782.84,280.33,43.53,41.51,1,-1,-1,-1
91,9,936.89,265.12,42.37,37.47,1,-1,-1,-1
91,10,754.72,184.41,31.80,26.32,1,-1,-1,-1
91,13,754.61,339.96,91.54,64.55,1,-1,-1,-1
91,14,1003.19,282.12,87.44,41.19,1,-1,-1,-1
91,19,454.72,263.91,49.71,48.47,1,-1,-1,-1
91,26,660.86,214.48,35.37,33.65,1,-1,-1,-1
91,40,664.74,265.33,42.46,42.97,1,-1,-1,-1
91,48,587.57,252.64,39.72,38.48,1,-1,-1,-1
92,5,685.92,169.81,28.96,24.40,1,-1,-1,-1
92,8,783.07,280.65,43.72,41.62,1,-1,-1,-1
92,9,937.33,266.64,42.85,37.62,1,-1,-1,-1
92,10,754.87,184.60,31.93,26.45,1,-1,-1,-1
92,13,753.28,341.96,91.96,65.11,1,-1,-1,-1
92,14,1003.20,282.65,87.80,41.50,1,-1,-1,-1
92,19,453.57,264.64,49.91,48.56,1,-1,-1,-1
92,26,661.52,213.27,35.03,33.38,1,-1,-1,-1
92,40,665.39,262.99,42.04,42.23,1,-1,-1,-1
92,48,586.82,255.95,40.20,39.34,1,-1,-1,-1
93,5,685.97,168.85,28.68,24.39,1,-1,-1,-1
93,8,783.03,281.56,43.95,41.80,1,-1,-1,-1
93,9,937.80,268.21,43.16,37.52,1,-1,-1,-1
93,10,754.99,184.80,32.03,26.61,1,-1,-1,-1
93,13,750.03,343.95,92.67,65.72,1,-1,-1,-1
93,14,1002.93,283.36,88.01,41.82,1,-1,-1,-1
93,19,453.23,265.43,50.11,48.69,1,-1,-1,-1
93,26,661.75,212.42,34.84,33.12,1,-1,-1,-1
93,40,665.54,260.33,41.52,41.64,1,-1,-1,-1
93,48,585.51,259.70,40.58,39.80,1,-1,-1,-1
94,5,686.75,168.03,28.33,24.39,1,-1,-1,-1
94,8,783.54,282.48,44.16,41.83,1,-1,-1,-1
94,9,938.06,269.27,43.57,37.54,1,-1,-1,-1
94,10,755.27,185.25,32.05,26.72,1,-1,-1,-1
94,13,747.84,346.08,92.79,66.16,1,-1,-1,-1
94,14,1005.58,284.72,88.62,41.70,1,-1,-1,-1
94,19,452.81,265.60,50.24,49.06,1,-1,-1,-1
94,26,661.88,211.13,34.69,32.85,1,-1,-1,-1
94,40,666.27,257.79,41.12,41.11,1,-1,-1,-1
94,48,584.09,263.99,41.22,40.32,1,-1,-1,-1
95,5,686.62,167.43,28.08,24.31,1,-1,-1,-1
95,8,783.89,283.27,44.45,42.01,1,-1,-1,-1
95,9,938.63,269.88,43.64,37.64,1,-1,-1,-1
95,10,755.37,185.36,32.07,26.82,1,-1,-1,-1
95,13,745.14,348.06,93.15,66.52,1,-1,-1,-1
95,14,1006.92,285.31,89.20,41.74,1,-1,-1,-1
95,19,451.98,266.19,50.32,49.29,1,-1,-1,-1
95,26,662.42,209.94,34.51,32.41,1,-1,-1,-1
95,40,666.56,255.87,40.75,40.38,1,-1,-1,-1
95,48,581.83,268.36,41.64,40.75,1,-1,-1,-1
96,5,686.13,167.07,27.99,24.12,1,-1,-1,-1
96,8,784.35,283.69,44.55,42.09,1,-1,-1,-1
96,9,939.01,270.41,43.73,37.84,1,-1,-1,-1
96,10,755.42,185.86,31.99,26.81,1,-1,-1,-1
96,13,742.32,349.74,93.71,66.81,1,-1,-1,-1
96,14,1008.76,285.11,89.56,42.06,1,-1,-1,-1
96,19,451.35,266.68,50.37,49.64,1,-1,-1,-1
96,26,662.12,207.92,34.48,32.17,1,-1,-1,-1
96,40,667.17,253.85,40.50,39.87,1,-1,-1,-1
96,48,579.91,272.20,42.20,41.66,1,-1,-1,-1
97,5,686.38,166.41,27.97,23.94,1,-1,-1,-1
97,8,784.62,284.60,44.56,42.20,1,-1,-1,-1
97,9,939.66,271.09,44.03,37.95,1,-1,-1,-1
97,10,755.27,186.07,32.03,26.87,1,-1,-1,-1
97,13,739.68,351.77,94.01,67.51,1,-1,-1,-1
97,14,1009.00,285.96,90.04,42.32,1,-1,-1,-1
97,19,451.15,267.83,50.52,49.93,1,-1,-1,-1
97,26,661.98,206.54,34.29,31.88,1,-1,-1,-1
97,40,667.29,251.98,40.30,39.34,1,-1,-1,-1
97,48,577.38,277.00,42.78,42.30,1,-1,-1,-1
98,5,686.13,165.48,28.10,23.78,1,-1,-1,-1
98,8,784.83,285.34,44.70,42.34,1,-1,-1,-1
98,9,939.94,271.48,44.31,38.03,1,-1,-1,-1
98,10,755.17,186.43,32.11,26.99,1,-1,-1,-1
98,13,736.85,354.21,94.11,68.16,1,-1,-1,-1
98,14,1010.27,287.55,90.56,42.36,1,-1,-1,-1
98,19,450.91,268.73,50.48,50.28,1,-1,-1,-1
98,26,662.18,205.16,34.17,31.84,1,-1,-1,-1
98,40,667.25,249.74,40.21,38.81,1,-1,-1,-1
98,48,575.86,282.06,43.21,43.00,1,-1,-1,-1
98,58,436.58,307.30,19.62,44.27,1,-1,-1,-1
99,5,685.96,164.46,28.21,23.76,1,-1,-1,-1
99,8,784.86,286.41,44.78,42.51,1,-1,-1,-1
99,9,940.12,272.15,44.53,38.09,1,-1,-1,-1
99,10,754.97,186.90,32.30,27.08,1,-1,-1,-1
99,13,733.55,356.91,94.72,68.91,1,-1,-1,-1
99,14,1010.87,288.49,90.79,42.53,1,-1,-1,-1
99,19,449.91,269.75,50.42,50.48,1,-1,-1,-1
99,26,662.11,204.01,34.12,31.82,1,-1,-1,-1
99,40,667.51,247.02,40.10,38.41,1,-1,-1,-1
99,48,574.08,287.17,43.77,43.75,1,-1,-1,-1
99,58,433.37,308.50,19.23,44.29,1,-1,-1,-1
100,5,686.21,163.87,28.20,23.72,1,-1,-1,-1
100,8,784.91,287.58,44.88,42.85,1,-1,-1,-1
100,9,940.68,273.16,44.87,38.10,1,-1,-1,-1
100,10,754.99,187.43,32.36,27.10,1,-1,-1,-1
100,13,729.67,359.67,95.34,69.48,1,-1,-1,-1
100,14,1011.90,289.72,91.41,42.54,1,-1,-1,-1
100,19,448.44,271.34,50.53,50.52,1,-1,-1,-1
100,26,660.91,203.32,33.81,31.70,1,-1,-1,-1
100,40,668.38,245.08,39.62,37.94,1,-1,-1,-1
100,48,572.45,291.77,44.27,44.58,1,-1,-1,-1
101,5,686.59,163.33,28.19,23.71,1,-1,-1,-1
101,8,785.31,288.54,45.00,42.97,1,-1,-1,-1
101,9,941.84,273.68,44.87,38.18,1,-1,-1,-1
101,10,755.35,187.77,32.30,27.09,1,-1,-1,-1
101,13,727.07,361.62,95.71,70.10,1,-1,-1,-1
101,14,1012.63,290.37,91.54,42.63,1,-1,-1,-1
101,19,447.45,272.51,50.91,50.82,1,-1,-1,-1
101,26,660.14,202.66,33.62,31.53,1,-1,-1,-1
101,40,668.74,243.36,39.27,37.53,1,-1,-1,-1
101,48,570.75,297.39,45.02,45.43,1,-1,-1,-1
102,5,687.49,162.97,28.15,23.72,1,-1,-1,-1
102,8,785.56,289.48,45.17,42.85,1,-1,-1,-1
102,9,941.88,274.28,45.00,38.28,1,-1,-1,-1
102,10,755.56,188.24,32.18,27.09,1,-1,-1,-1
102,13,723.09,363.40,96.23,70.71,1,-1,-1,-1
102,14,1013.67,290.81,91.73,42.69,1,-1,-1,-1
102,19,446.75,273.53,50.92,50.81,1,-1,-1,-1
102,26,661.85,201.22,33.31,31.35,1,-1,-1,-1
102,40,668.53,241.84,38.84,37.09,1,-1,-1,-1
102,48,568.39,302.60,45.53,46.33,1,-1,-1,-1
103,5,688.51,162.62,28.01,23.66,1,-1,-1,-1
103,8,785.54,291.18,45.36,43.04,1,-1,-1,-1
103,9,942.41,275.51,45.30,38.44,1,-1,-1,-1
103,10,755.68,188.65,32.16,27.09,1,-1,-1,-1
103,13,719.61,366.46,96.35,71.26,1,-1,-1,-1
103,14,1013.41,291.00,92.08,42.84,1,-1,-1,-1
103,19,446.10,274.09,51.18,51.07,1,-1,-1,-1
103,26,662.24,200.25,32.90,31.13,1,-1,-1,-1
103,40,669.01,239.62,38.47,36.75,1,-1,-1,-1
103,48,565.24,308.23,46.25,47.45,1,-1,-1,-1
104,5,689.66,162.61,27.88,23.55,1,-1,-1,-1
104,8,785.27,292.04,45.52,43.09,1,-1,-1,-1
104,9,944.60,277.01,45.11,38.52,1,-1,-1,-1
104,10,755.88,189.07,32.11,27.06,1,-1,-1,-1
104,13,714.51,369.34,96.88,71.79,1,-1,-1,-1
104,14,1013.75,291.98,92.27,42.80,1,-1,-1,-1
104,19,445.27,274.76,51.34,51.39,1,-1,-1,-1
104,26,662.83,199.55,32.55,30.85,1,-1,-1,-1
104,40,669.02,237.37,38.09,36.46,1,-1,-1,-1
104,48,563.06,313.94,46.95,48.40,1,-1,-1,-1
105,5,689.61,162.45,27.70,23.41,1,-1,-1,-1
105,8,785.44,293.10,45.63,43.13,1,-1,-1,-1
105,9,945.24,277.70,45.09,38.67,1,-1,-1,-1
105,10,755.95,189.67,32.11,27.03,1,-1,-1,-1
105,13,710.55,372.51,97.27,72.19,1,-1,-1,-1
105,14,1012.88,293.23,92.67,42.79,1,-1,-1,-1
105,19,444.44,275.30,51.43,51.60,1,-1,-1,-1
105,26,663.13,198.44,32.35,30.64,1,-1,-1,-1
105,40,669.10,235.14,37.71,36.16,1,-1,-1,-1
105,48,560.24,319.57,47.66,49.50,1,-1,-1,-1
106,8,785.45,294.24,45.61,43.14,1,-1,-1,-1
106,9,945.47,278.66,45.19,38.74,1,-1,-1,-1
106,10,756.08,190.31,32.16,27.03,1,-1,-1,-1
106,13,705.80,375.81,97.75,72.84,1,-1,-1,-1
106,14,1014.15,294.94,92.58,42.86,1,-1,-1,-1
106,19,443.94,276.17,51.60,51.92,1,-1,-1,-1
106,26,663.20,197.03,32.14,30.49,1,-1,-1,-1
106,40,669.83,233.73,37.41,35.78,1,-1,-1,-1
106,48,557.54,325.11,48.45,50.73,1,-1,-1,-1
107,8,785.64,295.35,45.64,43.28,1,-1,-1,-1
107,9,945.64,279.71,45.18,38.76,1,-1,-1,-1
107,10,756.31,191.00,32.24,27.06,1,-1,-1,-1
107,13,702.19,378.90,98.16,73.76,1,-1,-1,-1
107,14,1014.70,296.86,92.89,43.04,1,-1,-1,-1
107,19,442.52,277.12,51.92,52.34,1,-1,-1,-1
107,26,663.63,195.98,31.97,30.30,1,-1,-1,-1
107,40,669.74,232.06,37.14,35.54,1,-1,-1,-1
107,48,554.73,331.52,49.29,51.97,1,-1,-1,-1
107,59,1210.06,588.63,150.91,177.43,1,-1,-1,-1
107,60,1008.99,408.07,19.08,46.03,1,-1,-1,-1
108,8,786.05,296.80,45.73,43.41,1,-1,-1,-1
108,9,945.93,280.58,45.36,38.81,1,-1,-1,-1
108,10,755.72,190.57,32.49,27.31,1,-1,-1,-1
108,13,697.90,382.37,98.65,74.78,1,-1,-1,-1
108,14,1016.46,298.51,92.92,43.29,1,-1,-1,-1
108,19,441.84,278.22,52.27,52.51,1,-1,-1,-1
108,26,663.46,195.26,31.81,30.04,1,-1,-1,-1
108,40,669.58,230.73,36.90,35.12,1,-1,-1,-1
108,48,551.80,338.69,50.11,53.42,1,-1,-1,-1
108,60,1008.91,409.91,18.93,46.55,1,-1,-1,-1
108,61,922.37,234.07,47.43,51.55,1,-1,-1,-1
109,8,786.76,297.47,45.82,43.32,1,-1,-1,-1
109,9,947.07,281.87,45.62,38.92,1,-1,-1,-1
109,10,755.85,190.56,32.70,27.48,1,-1,-1,-1
109,13,693.87,386.10,99.48,75.69,1,-1,-1,-1
109,14,1018.93,299.64,93.48,43.61,1,-1,-1,-1
109,19,441.55,279.22,52.58,52.69,1,-1,-1,-1
109,26,664.96,194.35,31.72,29.69,1,-1,-1,-1
109,40,671.34,229.33,36.70,34.80,1,-1,-1,-1
109,60,1010.24,410.40,19.17,45.84,1,-1,-1,-1
109,61,924.47,235.51,47.08,51.36,1,-1,-1,-1
110,8,788.11,299.12,46.00,43.31,1,-1,-1,-1
110,9,947.58,282.65,45.82,39.19,1,-1,-1,-1
110,10,756.94,191.40,32.84,27.58,1,-1,-1,-1
110,13,689.76,390.09,100.09,76.76,1,-1,-1,-1
110,14,1020.80,300.51,93.89,43.90,1,-1,-1,-1
110,19,441.65,280.30,52.75,52.76,1,-1,-1,-1
110,26,665.10,193.00,31.58,29.66,1,-1,-1,-1
110,40,672.37,228.13,36.54,34.55,1,-1,-1,-1
110,60,1010.23,412.17,19.40,45.79,1,-1,-1,-1
110,61,925.71,236.52,47.07,51.31,1,-1,-1,-1
111,8,788.91,299.70,46.08,43.59,1,-1,-1,-1
111,9,948.22,283.90,46.10,39.68,1,-1,-1,-1
111,10,757.08,192.28,32.94,27.72,1,-1,-1,-1
111,13,685.23,393.44,100.39,77.57,1,-1,-1,-1
111,14,1021.44,302.04,94.37,43.91,1,-1,-1,-1
111,19,441.69,281.06,52.78,52.97,1,-1,-1,-1
111,26,665.50,192.57,31.67,29.39,1,-1,-1,-1
111,40,672.56,227.23,36.38,34.23,1,-1,-1,-1
111,60,1009.91,413.45,19.70,45.70,1,-1,-1,-1
111,61,926.44,236.77,46.89,51.10,1,-1,-1,-1
111,62,750.89,172.95,27.26,24.81,1,-1,-1,-1
111,63,542.47,348.42,59.55,67.82,1,-1,-1,-1
112,8,788.79,300.32,46.28,43.94,1,-1,-1,-1
112,9,948.73,284.91,46.41,40.01,1,-1,-1,-1
112,10,756.41,193.23,33.29,27.78,1,-1,-1,-1
112,13,680.84,395.89,100.89,78.67,1,-1,-1,-1
112,14,1021.76,302.70,94.73,44.10,1,-1,-1,-1
112,19,441.01,282.14,52.93,53.36,1,-1,-1,-1
112,26,665.69,192.36,31.75,29.18,1,-1,-1,-1
112,40,672.44,226.06,36.19,34.03,1,-1,-1,-1
112,60,1010.38,414.02,19.53,45.63,1,-1,-1,-1
112,61,927.41,237.71,47.08,51.42,1,-1,-1,-1
112,62,750.52,172.94,27.36,25.05,1,-1,-1,-1
112,63,538.66,360.27,61.13,69.39,1,-1,-1,-1
113,8,789.35,301.54,46.30,44.23,1,-1,-1,-1
113,9,949.38,286.30,46.69,40.07,1,-1,-1,-1
113,10,756.01,194.17,33.56,27.91,1,-1,-1,-1
113,13,676.25,398.53,101.47,79.89,1,-1,-1,-1
113,14,1023.28,304.36,95.10,44.16,1,-1,-1,-1
113,19,439.85,283.18,53.13,53.89,1,-1,-1,-1
113,26,666.01,192.08,31.89,29.00,1,-1,-1,-1
113,40,673.13,225.09,35.95,33.91,1,-1,-1,-1
113,60,1010.13,415.26,19.51,46.04,1,-1,-1,-1
113,61,927.32,238.34,47.28,52.01,1,-1,-1,-1
113,62,750.47,172.95,27.42,25.32,1,-1,-1,-1
113,63,533.45,371.95,62.48,71.02,1,-1,-1,-1
114,8,789.51,302.62,46.56,44.75,1,-1,-1,-1
114,9,950.00,287.14,47.01,40.30,1,-1,-1,-1
114,10,755.96,194.74,33.75,28.05,1,-1,-1,-1
114,13,672.16,402.13,102.03,81.13,1,-1,-1,-1
114,14,1024.49,305.46,95.58,44.12,1,-1,-1,-1
114,19,438.88,283.63,53.41,54.14,1,-1,-1,-1
114,26,665.55,191.91,31.98,28.82,1,-1,-1,-1
114,40,673.16,223.66,35.64,33.67,1,-1,-1,-1
114,60,1009.91,415.57,19.47,46.10,1,-1,-1,-1
114,61,926.62,238.87,47.72,52.28,1,-1,-1,-1
114,62,750.59,173.56,27.47,25.37,1,-1,-1,-1
114,63,529.26,380.90,63.25,72.58,1,-1,-1,-1
114,64,1235.32,617.95,124.34,148.11,1,-1,-1,-1
115,8,789.69,303.66,46.65,44.91,1,-1,-1,-1
115,9,950.83,287.91,47.24,40.48,1,-1,-1,-1
115,10,756.03,195.37,33.89,28.08,1,-1,-1,-1
115,13,668.66,405.79,102.52,81.87,1,-1,-1,-1
115,14,1026.28,306.48,96.18,44.09,1,-1,-1,-1
115,19,438.00,285.13,53.78,54.60,1,-1,-1,-1
115,26,665.50,190.88,31.91,28.58,1,-1,-1,-1
115,40,673.07,222.04,35.49,33.68,1,-1,-1,-1
115,60,1008.86,416.75,19.61,46.39,1,-1,-1,-1
115,61,926.39,239.28,47.92,52.56,1,-1,-1,-1
115,62,750.47,174.35,27.58,25.17,1,-1,-1,-1
115,63,525.03,389.53,64.44,73.69,1,-1,-1,-1
115,64,1239.39,619.22,122.13,146.21,1,-1,-1,-1
115,65,1038.94,407.86,17.70,49.45,1,-1,-1,-1
116,8,790.00,304.34,46.75,45.35,1,-1,-1,-1
116,9,951.89,288.67,47.41,40.84,1,-1,-1,-1
116,10,756.79,195.60,33.84,28.08,1,-1,-1,-1
116,13,665.02,408.90,102.90,82.75,1,-1,-1,-1
116,14,1027.04,307.28,96.27,44.14,1,-1,-1,-1
116,19,437.17,286.77,54.03,54.79,1,-1,-1,-1
116,26,666.42,188.87,31.63,28.53,1,-1,-1,-1
116,40,672.73,220.79,35.36,33.51,1,-1,-1,-1
116,60,1007.88,418.28,19.78,46.68,1,-1,-1,-1
116,61,926.96,239.61,48.07,52.80,1,-1,-1,-1
116,62,750.54,174.88,27.70,25.14,1,-1,-1,-1
116,63,520.57,399.31,65.43,75.23,1,-1,-1,-1
116,64,1240.36,625.39,120.67,143.70,1,-1,-1,-1
116,65,1039.77,409.47,17.69,49.24,1,-1,-1,-1
117,8,789.83,305.58,46.87,45.59,1,-1,-1,-1
117,9,952.32,289.79,47.61,41.22,1,-1,-1,-1
117,10,757.27,195.86,33.75,28.19,1,-1,-1,-1
117,13,661.24,411.99,103.40,84.04,1,-1,-1,-1
117,14,1027.65,307.89,96.87,44.41,1,-1,-1,-1
117,19,436.20,288.01,54.34,54.88,1,-1,-1,-1
117,26,666.49,187.44,31.49,28.37,1,-1,-1,-1
117,40,672.50,219.70,35.26,33.43,1,-1,-1,-1
117,60,1007.36,419.20,19.89,46.82,1,-1,-1,-1
117,61,928.01,240.83,48.10,52.80,1,-1,-1,-1
117,62,750.19,175.37,27.76,25.05,1,-1,-1,-1
117,63,516.66,408.73,66.28,76.71,1,-1,-1,-1
117,65,1041.47,411.57,18.13,49.49,1,-1,-1,-1
118,8,789.88,306.56,46.96,45.78,1,-1,-1,-1
118,9,952.52,290.57,47.85,41.49,1,-1,-1,-1
118,10,757.70,196.12,33.62,28.37,1,-1,-1,-1
118,13,658.13,415.29,103.73,85.05,1,-1,-1,-1
118,14,1028.08,308.44,97.09,44.73,1,-1,-1,-1
118,19,435.29,289.45,54.57,54.87,1,-1,-1,-1
118,26,667.56,186.85,31.19,28.19,1,-1,-1,-1
118,40,672.21,219.12,35.14,33.19,1,-1,-1,-1
118,60,1007.05,419.82,19.79,46.88,1,-1,-1,-1
118,61,929.68,241.57,47.94,52.71,1,-1,-1,-1
118,62,750.04,175.64,27.79,25.02,1,-1,-1,-1
118,63,511.56,418.53,67.24,78.55,1,-1,-1,-1
118,65,1043.06,414.34,18.27,49.56,1,-1,-1,-1
119,8,790.00,308.19,47.10,45.87,1,-1,-1,-1
119,9,952.74,291.30,48.03,41.79,1,-1,-1,-1
119,10,757.81,196.26,33.52,28.51,1,-1,-1,-1
119,13,655.19,417.41,104.37,86.07,1,-1,-1,-1
119,14,1028.80,309.30,97.18,45.07,1,-1,-1,-1
119,19,434.49,290.69,54.78,54.97,1,-1,-1,-1
119,26,667.85,186.34,30.97,28.06,1,-1,-1,-1
119,40,671.95,218.76,35.07,33.09,1,-1,-1,-1
119,60,1007.13,419.83,19.66,46.80,1,-1,-1,-1
119,61,929.92,242.16,48.07,52.62,1,-1,-1,-1
119,62,750.02,176.02,27.86,24.94,1,-1,-1,-1
119,65,1044.08,416.28,18.38,49.25,1,-1,-1,-1
120,8,790.36,309.29,47.22,46.10,1,-1,-1,-1
120,9,953.61,292.38,48.14,41.83,1,-1,-1,-1
120,10,757.67,196.72,33.46,28.55,1,-1,-1,-1
120,13,652.36,420.27,104.93,86.94,1,-1,-1,-1
120,14,1028.32,310.41,97.46,45.47,1,-1,-1,-1
120,19,433.40,291.28,55.09,55.20,1,-1,-1,-1
120,26,668.09,185.79,30.93,27.99,1,-1,-1,-1
120,40,672.07,217.69,34.98,32.93,1,-1,-1,-1
120,60,1006.74,419.76,19.37,46.90,1,-1,-1,-1
120,61,930.23,243.28,48.31,52.74,1,-1,-1,-1
120,62,750.11,176.64,28.06,24.97,1,-1,-1,-1
120,65,1045.46,417.75,18.49,49.04,1,-1,-1,-1
121,8,790.98,310.44,47.32,46.37,1,-1,-1,-1
121,9,954.22,293.06,48.29,41.98,1,-1,-1,-1
121,10,757.45,197.25,33.44,28.57,1,-1,-1,-1
121,13,649.00,423.46,105.21,87.83,1,-1,-1,-1
121,14,1028.69,311.51,97.77,45.76,1,-1,-1,-1
121,19,432.72,291.73,55.42,55.43,1,-1,-1,-1
121,26,667.98,185.46,30.87,27.85,1,-1,-1,-1
121,40,672.13,216.54,34.91,32.91,1,-1,-1,-1
121,60,1007.15,420.05,19.28,47.11,1,-1,-1,-1
121,61,931.02,244.28,48.51,52.83,1,-1,-1,-1
121,62,750.33,177.29,28.09,24.99,1,-1,-1,-1
121,65,1047.66,418.50,18.37,49.13,1,-1,-1,-1
121,66,495.23,436.39,80.94,98.42,1,-1,-1,-1
122,8,791.02,311.70,47.49,46.63,1,-1,-1,-1
122,9,954.51,293.53,48.69,42.00,1,-1,-1,-1
122,10,757.30,197.72,33.43,28.64,1,-1,-1,-1
122,13,645.36,426.11,105.81,88.55,1,-1,-1,-1
122,14,1029.03,313.17,98.13,45.91,1,-1,-1,-1
122,19,431.70,291.75,55.64,55.79,1,-1,-1,-1
122,26,668.19,185.21,30.71,27.81,1,-1,-1,-1
122,40,672.97,215.44,34.82,32.75,1,-1,-1,-1
122,60,1007.62,421.14,19.30,47.16,1,-1,-1,-1
122,61,932.34,244.51,48.54,52.94,1,-1,-1,-1
122,62,750.24,177.33,28.10,24.93,1,-1,-1,-1
122,65,1049.48,420.41,18.33,49.55,1,-1,-1,-1
122,66,488.57,455.46,81.78,100.09,1,-1,-1,-1
123,8,791.04,312.39,47.69,46.81,1,-1,-1,-1
123,9,954.90,294.48,49.18,42.01,1,-1,-1,-1
123,10,757.52,198.26,33.38,28.77,1,-1,-1,-1
123,13,641.56,429.45,106.44,89.60,1,-1,-1,-1
123,14,1029.33,314.53,98.45,46.12,1,-1,-1,-1
123,19,431.42,292.72,55.87,55.98,1,-1,-1,-1
123,26,668.03,185.03,30.65,27.68,1,-1,-1,-1
123,40,673.13,213.57,34.69,32.69,1,-1,-1,-1
123,60,1008.53,422.62,19.57,47.38,1,-1,-1,-1
123,61,931.85,245.65,48.89,53.17,1,-1,-1,-1
123,62,750.12,177.48,28.33,25.04,1,-1,-1,-1
123,65,1051.62,422.64,18.44,49.44,1,-1,-1,-1
123,66,479.47,472.01,82.76,102.52,1,-1,-1,-1
124,8,791.07,313.46,47.96,47.03,1,-1,-1,-1
124,9,955.75,295.50,49.51,42.02,1,-1,-1,-1
124,10,758.04,198.42,33.45,28.94,1,-1,-1,-1
124,13,638.17,432.72,107.14,90.98,1,-1,-1,-1
124,14,1031.00,315.22,98.80,46.31,1,-1,-1,-1
124,19,430.61,293.43,56.20,56.21,1,-1,-1,-1
124,26,668.39,185.11,30.43,27.64,1,-1,-1,-1
124,40,673.08,213.26,34.71,32.55,1,-1,-1,-1
124,60,1008.92,423.46,19.68,47.35,1,-1,-1,-1
124,61,930.97,246.23,49.48,53.45,1,-1,-1,-1
124,62,750.43,177.96,28.55,25.20,1,-1,-1,-1
124,65,1053.63,424.80,18.79,49.34,1,-1,-1,-1
124,67,1121.58,289.53,91.59,50.34,1,-1,-1,-1
125,8,791.13,313.75,48.11,47.03,1,-1,-1,-1
125,9,956.44,296.38,49.87,42.09,1,-1,-1,-1
125,10,758.25,198.53,33.61,29.05,1,-1,-1,-1
125,13,635.26,435.80,107.81,92.14,1,-1,-1,-1
125,14,1032.60,316.25,99.21,46.49,1,-1,-1,-1
125,19,429.90,294.96,56.52,56.39,1,-1,-1,-1
125,26,668.06,184.17,30.33,27.56,1,-1,-1,-1
125,40,672.76,211.84,34.76,32.72,1,-1,-1,-1
125,60,1009.11,423.51,19.79,47.28,1,-1,-1,-1
125,61,930.41,246.54,50.09,53.67,1,-1,-1,-1
125,62,750.43,178.08,28.78,25.25,1,-1,-1,-1
125,65,1054.95,425.90,19.25,49.26,1,-1,-1,-1
125,67,1124.65,289.90,90.95,50.58,1,-1,-1,-1
126,8,790.46,314.84,48.58,47.12,1,-1,-1,-1
126,9,957.05,297.55,50.11,42.24,1,-1,-1,-1
126,10,758.68,199.56,33.65,29.06,1,-1,-1,-1
126,13,631.51,438.61,108.69,93.00,1,-1,-1,-1
126,14,1034.20,317.44,99.55,46.54,1,-1,-1,-1
126,19,428.60,295.45,56.73,56.70,1,-1,-1,-1
126,26,668.07,183.32,30.19,27.30,1,-1,-1,-1
126,40,672.70,211.70,34.84,32.73,1,-1,-1,-1
126,60,1009.20,423.93,19.83,47.09,1,-1,-1,-1
126,61,930.67,246.96,50.57,53.77,1,-1,-1,-1
126,62,750.47,178.50,29.00,25.33,1,-1,-1,-1
126,65,1057.27,426.97,19.29,49.39,1,-1,-1,-1
126,67,1125.32,291.85,91.69,50.99,1,-1,-1,-1
126,68,460.98,500.66,94.97,122.08,1,-1,-1,-1
127,8,790.68,316.17,48.90,47.43,1,-1,-1,-1
127,9,957.05,298.63,50.49,42.37,1,-1,-1,-1
127,10,759.38,200.44,33.60,29.03,1,-1,-1,-1
127,13,629.29,443.73,109.36,94.24,1,-1,-1,-1
127,14,1034.80,318.56,99.62,46.66,1,-1,-1,-1
127,19,428.20,296.52,56.91,56.87,1,-1,-1,-1
127,26,668.12,181.80,29.95,27.04,1,-1,-1,-1
127,40,673.17,210.99,34.76,32.59,1,-1,-1,-1
127,60,1008.73,424.49,19.74,47.08,1,-1,-1,-1
127,61,931.50,247.53,50.83,54.01,1,-1,-1,-1
127,62,750.64,179.07,29.18,25.39,1,-1,-1,-1
127,65,1059.76,428.31,19.38,49.34,1,-1,-1,-1
127,67,1127.24,293.16,91.49,50.89,1,-1,-1,-1
128,8,790.91,317.80,49.31,47.96,1,-1,-1,-1
128,9,958.24,299.68,50.56,42.61,1,-1,-1,-1
128,10,759.32,200.97,33.91,29.13,1,-1,-1,-1
128,13,626.17,447.83,110.10,95.47,1,-1,-1,-1
128,14,1036.12,319.12,99.98,46.73,1,-1,-1,-1
128,19,427.49,297.36,57.15,57.09,1,-1,-1,-1
128,26,667.76,180.79,29.87,26.83,1,-1,-1,-1
128,40,672.82,210.15,34.91,32.49,1,-1,-1,-1
128,60,1008.47,425.18,19.80,47.35,1,-1,-1,-1
128,62,751.02,179.69,29.40,25.47,1,-1,-1,-1
128,65,1062.29,430.52,19.70,49.39,1,-1,-1,-1
128,67,1126.91,294.31,92.16,50.98,1,-1,-1,-1
129,8,791.46,318.61,49.68,48.37,1,-1,-1,-1
129,9,959.31,300.80,50.50,42.81,1,-1,-1,-1
129,10,759.44,201.46,34.12,29.10,1,-1,-1,-1
129,13,622.72,450.86,111.08,97.18,1,-1,-1,-1
129,14,1037.86,319.80,100.31,46.67,1,-1,-1,-1
129,19,426.14,298.81,57.24,57.43,1,-1,-1,-1
129,26,667.84,179.82,29.57,26.58,1,-1,-1,-1
129,40,673.35,209.48,34.75,32.21,1,-1,-1,-1
129,60,1008.43,426.41,19.83,47.42,1,-1,-1,-1
129,62,751.46,180.11,29.48,25.62,1,-1,-1,-1
129,65,1064.17,433.11,20.07,49.58,1,-1,-1,-1
129,67,1128.09,295.45,92.54,51.07,1,-1,-1,-1
130,8,792.04,319.51,49.93,48.67,1,-1,-1,-1
130,9,960.83,301.34,50.42,43.02,1,-1,-1,-1
130,10,759.51,201.74,34.12,29.08,1,-1,-1,-1
130,13,619.43,454.18,111.76,98.42,1,-1,-1,-1
130,14,1039.38,321.48,100.54,46.52,1,-1,-1,-1
130,19,425.72,299.32,57.20,57.59,1,-1,-1,-1
130,26,667.93,178.76,29.45,26.46,1,-1,-1,-1
130,40,673.79,207.85,34.61,32.02,1,-1,-1,-1
130,60,1008.43,426.72,19.91,47.51,1,-1,-1,-1
130,62,751.44,180.31,29.55,25.72,1,-1,-1,-1
130,65,1066.98,436.00,20.19,50.06,1,-1,-1,-1
130,67,1129.14,296.63,92.79,50.91,1,-1,-1,-1
131,8,792.49,320.17,50.19,48.91,1,-1,-1,-1
131,9,962.74,301.80,50.23,43.20,1,-1,-1,-1
131,10,759.74,201.96,34.05,29.09,1,-1,-1,-1
131,13,614.26,456.71,112.76,99.36,1,-1,-1,-1
131,14,1041.40,322.27,101.04,46.47,1,-1,-1,-1
131,19,424.84,299.45,57.50,57.83,1,-1,-1,-1
131,26,668.07,178.18,29.30,26.32,1,-1,-1,-1
131,40,674.32,206.48,34.33,31.88,1,-1,-1,-1
131,60,1008.76,427.28,19.88,47.56,1,-1,-1,-1
131,62,751.17,180.30,29.60,25.77,1,-1,-1,-1
131,65,1067.93,437.24,20.49,50.35,1,-1,-1,-1
131,67,1130.11,298.41,93.18,50.72,1,-1,-1,-1
131,71,420.07,586.23,112.21,162.65,1,-1,-1,-1
132,8,792.57,320.75,50.51,48.90,1,-1,-1,-1
132,9,964.58,302.58,49.94,43.45,1,-1,-1,-1
132,10,759.51,202.49,34.23,29.15,1,-1,-1,-1
132,13,611.18,461.93,113.17,100.63,1,-1,-1,-1
132,14,1043.57,323.16,101.57,46.44,1,-1,-1,-1
132,19,424.25,300.14,57.87,58.17,1,-1,-1,-1
132,26,668.68,177.86,28.99,26.12,1,-1,-1,-1
132,40,672.94,204.95,34.50,32.01,1,-1,-1,-1
132,60,1009.99,428.33,19.62,47.58,1,-1,-1,-1
132,62,751.18,180.52,29.69,25.75,1,-1,-1,-1
132,65,1070.92,438.99,21.08,50.61,1,-1,-1,-1
132,67,1131.19,300.51,93.64,50.39,1,-1,-1,-1
132,71,401.77,614.47,117.13,162.53,1,-1,-1,-1
133,8,793.20,322.23,50.58,49.02,1,-1,-1,-1
133,9,962.54,303.72,50.72,43.69,1,-1,-1,-1
133,10,760.02,203.41,34.28,29.18,1,-1,-1,-1
133,13,606.98,466.22,113.67,102.15,1,-1,-1,-1
133,14,1043.91,323.81,101.96,46.59,1,-1,-1,-1
133,19,423.51,301.22,58.06,58.48,1,-1,-1,-1
133,26,669.36,177.78,28.74,25.94,1,-1,-1,-1
133,40,672.68,204.12,34.48,32.04,1,-1,-1,-1
133,60,1009.56,427.92,19.68,47.45,1,-1,-1,-1
133,62,751.10,181.06,29.62,25.79,1,-1,-1,-1
133,65,1072.33,439.79,21.32,50.89,1,-1,-1,-1
133,67,1130.12,301.15,94.75,50.21,1,-1,-1,-1
133,69,1272.84,668.74,87.56,95.79,1,-1,-1,-1
133,73,700.42,154.61,24.50,21.45,1,-1,-1,-1
134,8,793.14,323.60,50.67,49.21,1,-1,-1,-1
134,9,963.71,305.18,50.99,43.69,1,-1,-1,-1
134,10,760.19,203.99,34.40,29.21,1,-1,-1,-1
134,13,602.45,470.42,114.30,103.37,1,-1,-1,-1
134,14,1044.47,324.45,101.99,46.87,1,-1,-1,-1
134,19,423.11,303.10,58.05,58.51,1,-1,-1,-1
134,26,669.53,177.77,28.64,25.79,1,-1,-1,-1
134,40,671.81,202.61,34.54,32.16,1,-1,-1,-1
134,60,1009.86,429.24,19.60,47.86,1,-1,-1,-1
134,62,751.21,181.59,29.67,25.82,1,-1,-1,-1
134,65,1074.85,442.01,21.66,51.18,1,-1,-1,-1
134,67,1130.87,301.04,95.59,50.18,1,-1,-1,-1
134,73,700.49,154.11,24.49,21.32,1,-1,-1,-1
135,8,793.60,324.99,50.77,49.44,1,-1,-1,-1
135,9,966.35,306.10,50.82,43.56,1,-1,-1,-1
135,10,760.16,204.49,34.60,29.24,1,-1,-1,-1
135,13,596.96,475.43,115.39,104.45,1,-1,-1,-1
135,14,1044.76,325.02,101.84,47.17,1,-1,-1,-1
135,19,422.62,304.81,58.08,58.50,1,-1,-1,-1
135,26,669.78,177.68,28.60,25.54,1,-1,-1,-1
135,40,671.69,201.83,34.55,32.07,1,-1,-1,-1
135,60,1011.01,429.75,19.73,48.06,1,-1,-1,-1
135,62,751.38,182.02,29.68,25.85,1,-1,-1,-1
135,65,1075.79,444.56,21.93,51.62,1,-1,-1,-1
135,67,1134.46,300.43,95.56,50.24,1,-1,-1,-1
135,73,700.55,154.14,24.56,21.18,1,-1,-1,-1
136,8,794.08,325.81,50.88,49.74,1,-1,-1,-1
136,9,968.19,306.97,50.70,43.60,1,-1,-1,-1
136,10,760.31,204.72,34.76,29.33,1,-1,-1,-1
136,13,592.03,480.10,116.20,105.95,1,-1,-1,-1
136,14,1045.01,326.62,102.20,47.43,1,-1,-1,-1
136,19,421.75,306.09,58.23,58.52,1,-1,-1,-1
136,26,670.02,177.38,28.52,25.19,1,-1,-1,-1
136,40,672.35,201.12,34.41,31.80,1,-1,-1,-1
136,60,1012.32,431.39,19.85,48.43,1,-1,-1,-1
136,62,751.41,182.21,29.75,25.92,1,-1,-1,-1
136,65,1076.72,445.67,21.99,51.73,1,-1,-1,-1
136,67,1139.98,301.37,94.82,50.26,1,-1,-1,-1
136,73,700.55,154.10,24.52,21.16,1,-1,-1,-1
137,8,794.26,326.29,51.04,49.88,1,-1,-1,-1
137,9,968.39,307.67,50.72,43.80,1,-1,-1,-1
137,10,759.94,205.18,35.00,29.39,1,-1,-1,-1
137,13,586.94,485.66,117.02,107.57,1,-1,-1,-1
137,14,1046.44,327.51,102.11,47.65,1,-1,-1,-1
137,19,420.58,307.06,58.57,58.52,1,-1,-1,-1
137,26,670.51,176.39,28.48,25.05,1,-1,-1,-1
137,40,673.73,200.58,34.04,31.48,1,-1,-1,-1
137,60,1013.59,432.48,19.99,48.79,1,-1,-1,-1
137,62,751.73,182.16,29.77,25.95,1,-1,-1,-1
137,67,1142.50,302.57,94.56,50.34,1,-1,-1,-1
137,73,700.66,154.02,24.59,21.08,1,-1,-1,-1
138,8,794.45,327.42,51.04,49.89,1,-1,-1,-1
138,9,968.05,308.70,50.92,43.90,1,-1,-1,-1
138,10,759.81,205.66,35.17,29.45,1,-1,-1,-1
138,13,582.44,491.32,117.35,108.90,1,-1,-1,-1
138,14,1046.57,329.37,102.16,47.70,1,-1,-1,-1
138,19,419.65,307.65,58.75,58.54,1,-1,-1,-1
138,26,671.35,176.01,28.22,24.85,1,-1,-1,-1
138,40,674.17,199.54,33.88,31.25,1,-1,-1,-1
138,60,1014.49,432.77,20.04,49.02,1,-1,-1,-1
138,62,751.99,182.69,29.77,25.93,1,-1,-1,-1
138,67,1143.90,303.76,94.44,50.51,1,-1,-1,-1
138,73,700.62,153.91,24.61,20.95,1,-1,-1,-1
139,8,795.13,328.13,51.29,49.94,1,-1,-1,-1
139,9,967.79,309.89,51.22,44.22,1,-1,-1,-1
139,10,760.09,206.16,35.36,29.54,1,-1,-1,-1
139,13,577.79,496.87,118.02,110.76,1,-1,-1,-1
139,14,1047.69,330.96,102.32,47.73,1,-1,-1,-1
139,19,419.37,308.56,59.10,58.73,1,-1,-1,-1
139,26,671.14,174.51,28.06,24.60,1,-1,-1,-1
139,40,675.31,198.91,33.55,30.99,1,-1,-1,-1
139,60,1015.25,432.61,20.06,49.32,1,-1,-1,-1
139,62,752.27,183.31,29.91,25.98,1,-1,-1,-1
139,67,1144.71,304.31,94.57,50.84,1,-1,-1,-1
139,73,700.53,153.62,24.68,20.92,1,-1,-1,-1
140,8,795.17,329.49,51.57,49.94,1,-1,-1,-1
140,9,967.36,310.69,52.03,44.39,1,-1,-1,-1
140,10,760.29,206.43,35.56,29.66,1,-1,-1,-1
140,14,1048.74,332.25,102.36,47.64,1,-1,-1,-1
140,19,418.00,308.90,59.28,59.27,1,-1,-1,-1
140,26,670.86,173.48,27.93,24.69,1,-1,-1,-1
140,40,675.91,198.25,33.28,30.86,1,-1,-1,-1
140,60,1015.83,431.56,20.01,49.12,1,-1,-1,-1
140,62,752.20,183.80,30.07,26.10,1,-1,-1,-1
140,67,1147.73,304.87,93.92,51.04,1,-1,-1,-1
140,73,700.88,153.31,24.72,20.80,1,-1,-1,-1
141,8,795.38,329.95,51.72,50.00,1,-1,-1,-1
141,10,760.75,206.84,35.63,29.70,1,-1,-1,-1
141,14,1049.29,333.21,103.06,48.27,1,-1,-1,-1
141,19,417.65,309.77,59.59,59.71,1,-1,-1,-1
141,26,670.83,172.58,27.79,24.78,1,-1,-1,-1
141,40,675.92,197.98,32.96,30.61,1,-1,-1,-1
141,60,1016.12,432.76,20.03,49.02,1,-1,-1,-1
141,62,752.11,184.09,30.17,26.24,1,-1,-1,-1
141,67,1148.12,305.61,93.83,51.24,1,-1,-1,-1
141,73,701.04,153.13,24.74,20.72,1,-1,-1,-1
142,8,795.87,331.42,51.95,50.25,1,-1,-1,-1
142,10,761.10,207.26,35.76,29.74,1,-1,-1,-1
142,14,1050.95,333.29,103.41,48.70,1,-1,-1,-1
142,19,417.00,310.45,59.75,60.02,1,-1,-1,-1
142,26,670.76,171.39,27.69,24.86,1,-1,-1,-1
142,40,675.33,196.62,32.80,30.50,1,-1,-1,-1
142,60,1016.39,433.29,20.14,49.11,1,-1,-1,-1
142,62,752.28,184.49,30.25,26.34,1,-1,-1,-1
142,67,1146.69,307.44,94.37,51.38,1,-1,-1,-1
142,73,701.24,153.08,24.71,20.60,1,-1,-1,-1
142,76,562.47,502.17,123.72,130.40,1,-1,-1,-1
143,8,796.22,332.62,52.16,50.61,1,-1,-1,-1
143,10,761.22,207.75,35.96,29.84,1,-1,-1,-1
143,14,1052.68,334.16,103.58,48.95,1,-1,-1,-1
143,19,415.90,311.67,60.03,60.35,1,-1,-1,-1
143,26,671.09,170.85,27.57,25.11,1,-1,-1,-1
143,40,674.95,195.70,32.63,30.34,1,-1,-1,-1
143,60,1016.60,434.22,20.23,49.26,1,-1,-1,-1
143,62,752.68,185.09,30.45,26.46,1,-1,-1,-1
143,67,1148.24,308.32,94.53,51.59,1,-1,-1,-1
143,76,553.07,511.87,124.46,130.61,1,-1,-1,-1
144,8,796.59,333.75,52.42,50.92,1,-1,-1,-1
144,10,761.58,208.03,36.33,30.02,1,-1,-1,-1
144,14,1053.87,335.67,103.96,49.20,1,-1,-1,-1
144,19,415.07,312.80,60.30,60.73,1,-1,-1,-1
144,26,670.98,170.47,27.41,25.29,1,-1,-1,-1
144,40,674.64,194.94,32.51,30.16,1,-1,-1,-1
144,60,1017.02,434.90,20.13,49.26,1,-1,-1,-1
144,62,753.09,185.78,30.37,26.60,1,-1,-1,-1
144,67,1149.82,308.71,94.71,51.97,1,-1,-1,-1
144,76,544.62,526.66,126.35,132.62,1,-1,-1,-1
144,77,970.72,312.45,53.33,45.92,1,-1,-1,-1
145,8,797.76,334.20,52.59,51.29,1,-1,-1,-1
145,10,761.85,208.16,36.47,30.21,1,-1,-1,-1
145,14,1055.11,336.53,104.12,49.21,1,-1,-1,-1
145,19,414.67,314.10,60.51,60.83,1,-1,-1,-1
145,26,670.66,170.30,27.30,25.41,1,-1,-1,-1
145,40,675.34,193.76,32.06,29.94,1,-1,-1,-1
145,60,1017.53,435.63,20.13,49.49,1,-1,-1,-1
145,62,753.97,186.03,30.11,26.71,1,-1,-1,-1
145,67,1151.89,309.05,94.72,52.40,1,-1,-1,-1
145,76,538.00,532.69,125.91,134.98,1,-1,-1,-1
145,77,972.64,313.89,53.42,45.37,1,-1,-1,-1
146,8,800.33,335.28,52.64,51.51,1,-1,-1,-1
146,10,763.73,208.82,36.38,30.30,1,-1,-1,-1
146,14,1057.81,337.04,104.38,49.62,1,-1,-1,-1
146,19,416.05,315.09,60.74,61.12,1,-1,-1,-1
146,26,672.63,169.49,27.34,25.34,1,-1,-1,-1
146,40,677.13,194.51,31.86,29.35,1,-1,-1,-1
146,60,1020.17,435.37,20.01,49.36,1,-1,-1,-1
146,62,755.44,186.09,30.10,26.63,1,-1,-1,-1
146,67,1151.43,309.73,96.29,52.89,1,-1,-1,-1
146,76,532.36,542.64,126.73,137.01,1,-1,-1,-1
146,77,974.53,315.11,53.76,45.16,1,-1,-1,-1
147,8,803.74,336.61,52.78,51.64,1,-1,-1,-1
147,10,766.73,209.22,36.51,30.36,1,-1,-1,-1
147,14,1063.19,336.87,105.30,50.27,1,-1,-1,-1
147,19,418.03,315.99,61.05,61.34,1,-1,-1,-1
147,26,676.21,170.03,27.36,25.32,1,-1,-1,-1
147,40,679.48,193.73,31.88,29.07,1,-1,-1,-1
147,60,1024.85,436.48,20.17,49.68,1,-1,-1,-1
147,62,758.69,186.17,30.17,26.72,1,-1,-1,-1
147,67,1153.39,311.63,97.74,53.07,1,-1,-1,-1
147,76,527.05,550.37,127.61,139.03,1,-1,-1,-1
147,77,978.59,316.81,53.84,45.32,1,-1,-1,-1
148,8,805.55,338.02,52.84,51.83,1,-1,-1,-1
148,10,768.20,209.96,36.62,30.44,1,-1,-1,-1
148,14,1065.68,338.23,105.84,50.66,1,-1,-1,-1
148,19,419.27,316.37,61.36,61.60,1,-1,-1,-1
148,26,677.83,170.64,27.40,25.26,1,-1,-1,-1
148,40,680.59,192.75,31.84,28.97,1,-1,-1,-1
148,60,1027.75,437.97,20.58,50.00,1,-1,-1,-1
148,62,760.80,186.74,30.31,26.83,1,-1,-1,-1
148,67,1154.82,313.59,99.21,53.30,1,-1,-1,-1
148,77,980.81,317.72,54.03,45.42,1,-1,-1,-1
148,78,1019.92,358.38,42.20,35.00,1,-1,-1,-1
149,8,806.05,339.35,53.08,52.25,1,-1,-1,-1
149,10,768.79,210.82,36.70,30.46,1,-1,-1,-1
149,14,1065.89,340.07,106.10,50.84,1,-1,-1,-1
149,19,419.19,316.57,61.63,61.79,1,-1,-1,-1
149,26,678.44,170.65,27.40,25.16,1,-1,-1,-1
149,40,681.63,192.65,31.65,28.75,1,-1,-1,-1
149,60,1029.52,439.69,20.91,50.48,1,-1,-1,-1
149,62,761.48,187.00,30.41,26.90,1,-1,-1,-1
149,67,1155.82,314.97,100.55,53.51,1,-1,-1,-1
149,77,981.83,318.86,54.17,45.82,1,-1,-1,-1
149,78,1028.50,362.02,41.87,35.69,1,-1,-1,-1
149,79,513.61,557.72,134.22,155.68,1,-1,-1,-1
149,80,611.88,181.77,29.96,30.67,1,-1,-1,-1
150,8,806.36,340.69,53.26,52.61,1,-1,-1,-1
150,10,768.89,211.71,36.77,30.46,1,-1,-1,-1
150,14,1066.98,342.28,106.17,50.90,1,-1,-1,-1
150,19,418.07,317.74,61.86,62.02,1,-1,-1,-1
150,26,678.28,170.16,27.37,24.87,1,-1,-1,-1
150,40,682.45,192.77,31.49,28.46,1,-1,-1,-1
150,60,1030.86,440.98,21.17,50.70,1,-1,-1,-1
150,62,761.63,187.16,30.33,26.90,1,-1,-1,-1
150,67,1156.82,316.74,101.80,53.45,1,-1,-1,-1
150,77,981.89,319.70,54.23,45.91,1,-1,-1,-1
150,80,609.60,185.00,30.42,30.97,1,-1,-1,-1
151,8,806.44,342.03,53.49,52.67,1,-1,-1,-1
151,10,768.96,212.18,36.86,30.46,1,-1,-1,-1
151,19,416.94,319.38,62.08,62.17,1,-1,-1,-1
151,26,678.36,169.95,27.40,24.80,1,-1,-1,-1
151,40,682.22,191.78,31.47,28.47,1,-1,-1,-1
151,60,1031.51,441.36,21.15,50.89,1,-1,-1,-1
151,62,761.69,187.76,30.03,26.88,1,-1,-1,-1
151,67,1160.03,317.24,102.09,53.46,1,-1,-1,-1
151,77,982.97,321.68,54.72,46.19,1,-1,-1,-1
151,80,608.35,186.61,30.88,31.18,1,-1,-1,-1
152,8,806.41,343.34,53.68,52.60,1,-1,-1,-1
152,10,768.95,212.81,36.88,30.40,1,-1,-1,-1
152,19,415.60,321.42,62.31,62.49,1,-1,-1,-1
152,26,677.86,170.19,27.47,24.74,1,-1,-1,-1
152,40,681.31,190.95,31.49,28.46,1,-1,-1,-1
152,60,1031.78,441.50,21.06,51.06,1,-1,-1,-1
152,62,761.28,188.08,29.86,26.90,1,-1,-1,-1
152,67,1162.16,317.91,102.33,53.78,1,-1,-1,-1
152,77,984.17,322.65,55.07,46.44,1,-1,-1,-1
152,80,607.95,188.33,30.67,31.14,1,-1,-1,-1
153,8,806.20,344.20,53.85,52.72,1,-1,-1,-1
153,10,768.65,213.16,36.93,30.45,1,-1,-1,-1
153,19,414.52,322.37,62.49,62.58,1,-1,-1,-1
153,26,677.86,170.20,27.48,24.71,1,-1,-1,-1
153,40,681.48,190.80,31.34,28.13,1,-1,-1,-1
153,60,1031.74,441.61,20.85,51.00,1,-1,-1,-1
153,62,761.00,188.59,29.79,26.87,1,-1,-1,-1
153,67,1164.68,318.53,102.22,54.15,1,-1,-1,-1
153,77,984.90,323.36,55.31,46.62,1,-1,-1,-1
153,80,607.78,189.47,30.32,31.26,1,-1,-1,-1
153,82,1056.75,343.78,118.88,53.75,1,-1,-1,-1
153,83,480.39,597.65,138.90,169.63,1,-1,-1,-1
154,8,806.24,345.80,54.11,53.06,1,-1,-1,-1
154,10,768.62,213.79,36.89,30.47,1,-1,-1,-1
154,19,413.66,323.41,62.77,62.71,1,-1,-1,-1
154,26,677.17,170.23,27.61,24.73,1,-1,-1,-1
154,40,681.04,190.09,31.46,27.88,1,-1,-1,-1
154,60,1031.45,441.98,20.78,50.86,1,-1,-1,-1
154,62,760.64,188.89,29.99,26.87,1,-1,-1,-1
154,67,1164.73,319.57,102.65,54.44,1,-1,-1,-1
154,77,985.33,324.50,55.65,46.72,1,-1,-1,-1
154,80,606.51,190.75,30.36,31.45,1,-1,-1,-1
154,82,1063.87,347.17,115.47,52.37,1,-1,-1,-1
155,8,806.25,346.94,54.11,53.16,1,-1,-1,-1
155,10,768.82,214.28,36.89,30.55,1,-1,-1,-1
155,19,412.78,324.27,63.11,62.96,1,-1,-1,-1
155,26,675.98,168.83,27.57,24.38,1,-1,-1,-1
155,40,681.48,189.46,31.38,27.62,1,-1,-1,-1
155,60,1031.64,442.18,20.73,50.71,1,-1,-1,-1
155,62,760.50,189.48,30.07,26.80,1,-1,-1,-1
155,67,1165.49,319.89,102.92,54.90,1,-1,-1,-1
155,77,986.21,326.22,55.79,47.10,1,-1,-1,-1
155,80,606.29,191.95,30.31,31.55,1,-1,-1,-1
155,82,1069.79,348.27,114.31,52.15,1,-1,-1,-1
155,84,709.10,151.56,22.77,20.67,1,-1,-1,-1
156,8,806.73,347.40,54.01,53.42,1,-1,-1,-1
156,10,768.92,214.58,36.96,30.60,1,-1,-1,-1
156,19,411.49,325.17,63.25,63.20,1,-1,-1,-1
156,26,675.81,167.86,27.45,24.00,1,-1,-1,-1
156,40,681.34,189.37,31.23,27.29,1,-1,-1,-1
156,60,1031.78,442.38,20.64,50.65,1,-1,-1,-1
156,62,761.01,189.38,30.10,26.77,1,-1,-1,-1
156,67,1166.84,321.01,103.21,55.24,1,-1,-1,-1
156,77,986.47,327.06,56.04,47.05,1,-1,-1,-1
156,80,604.27,194.43,30.51,31.59,1,-1,-1,-1
156,82,1074.59,348.87,112.48,52.08,1,-1,-1,-1
156,84,708.74,151.25,22.65,20.66,1,-1,-1,-1
157,8,807.07,349.16,54.04,53.58,1,-1,-1,-1
157,10,769.42,214.96,37.03,30.56,1,-1,-1,-1
157,19,410.10,325.85,63.33,63.55,1,-1,-1,-1
157,40,681.57,188.82,31.05,26.82,1,-1,-1,-1
157,60,1032.07,442.84,20.53,50.51,1,-1,-1,-1
157,62,760.95,189.29,30.18,26.67,1,-1,-1,-1
157,67,1167.04,321.86,103.96,55.49,1,-1,-1,-1
157,77,986.88,327.63,56.23,47.24,1,-1,-1,-1
157,80,603.39,196.55,30.35,31.40,1,-1,-1,-1
157,82,1080.00,351.85,110.04,51.71,1,-1,-1,-1
157,84,708.83,150.77,22.77,20.60,1,-1,-1,-1
158,8,807.76,349.57,54.00,53.79,1,-1,-1,-1
158,10,769.48,215.32,37.13,30.56,1,-1,-1,-1
158,19,409.27,326.74,63.63,63.99,1,-1,-1,-1
158,40,680.74,187.69,31.07,26.69,1,-1,-1,-1
158,60,1032.35,443.82,20.33,50.52,1,-1,-1,-1
158,62,761.63,189.41,30.15,26.69,1,-1,-1,-1
158,67,1168.59,323.26,104.26,55.62,1,-1,-1,-1
158,77,987.25,328.72,56.20,47.22,1,-1,-1,-1
158,80,602.54,198.44,30.29,31.36,1,-1,-1,-1
158,82,1075.91,352.51,110.21,50.96,1,-1,-1,-1
158,84,709.01,151.11,23.01,20.64,1,-1,-1,-1
158,87,295.26,375.47,20.41,49.73,1,-1,-1,-1
159,8,808.38,350.22,54.24,53.91,1,-1,-1,-1
159,10,769.51,215.69,37.20,30.56,1,-1,-1,-1
159,19,408.52,327.24,63.86,64.16,1,-1,-1,-1
159,40,681.03,187.45,30.91,26.48,1,-1,-1,-1
159,60,1032.69,444.26,20.28,50.65,1,-1,-1,-1
159,62,761.93,190.08,30.23,26.65,1,-1,-1,-1
159,67,1167.87,323.91,105.08,56.16,1,-1,-1,-1
159,77,987.93,329.51,56.27,47.54,1,-1,-1,-1
159,80,602.33,199.94,30.26,31.42,1,-1,-1,-1
159,82,1075.75,352.67,110.19,50.55,1,-1,-1,-1
159,84,708.94,151.17,23.03,20.63,1,-1,-1,-1
159,87,292.19,378.25,20.55,50.05,1,-1,-1,-1
160,8,808.70,350.83,54.51,54.30,1,-1,-1,-1
160,10,769.76,216.12,37.23,30.62,1,-1,-1,-1
160,19,408.40,328.65,64.06,64.21,1,-1,-1,-1
160,40,681.35,187.45,30.68,26.22,1,-1,-1,-1
160,60,1033.23,444.54,20.47,50.85,1,-1,-1,-1
160,62,762.28,191.01,30.34,26.58,1,-1,-1,-1
160,67,1173.03,324.80,104.55,56.49,1,-1,-1,-1
160,77,988.95,330.75,56.43,47.72,1,-1,-1,-1
160,80,601.76,201.37,30.41,31.60,1,-1,-1,-1
160,82,1075.48,353.44,111.02,50.79,1,-1,-1,-1
160,84,708.92,151.38,23.06,20.71,1,-1,-1,-1
160,87,290.48,377.63,20.36,50.11,1,-1,-1,-1
161,8,809.48,352.84,54.67,54.61,1,-1,-1,-1
161,10,770.10,216.29,37.12,30.57,1,-1,-1,-1
161,19,407.46,329.98,64.30,64.52,1,-1,-1,-1
161,40,681.23,187.09,30.65,26.00,1,-1,-1,-1
161,60,1033.68,446.25,20.76,51.18,1,-1,-1,-1
161,62,762.71,191.79,30.41,26.58,1,-1,-1,-1
161,67,1178.40,325.49,103.51,56.70,1,-1,-1,-1
161,77,989.78,331.59,57.01,48.06,1,-1,-1,-1
161,80,600.25,203.56,30.55,31.86,1,-1,-1,-1
161,82,1077.95,353.92,111.05,51.02,1,-1,-1,-1
161,84,708.72,151.51,23.01,20.81,1,-1,-1,-1
161,87,287.67,378.96,20.19,50.18,1,-1,-1,-1
162,8,809.45,354.01,54.76,54.85,1,-1,-1,-1
162,10,770.43,216.70,36.95,30.53,1,-1,-1,-1
162,19,406.49,331.13,64.58,64.75,1,-1,-1,-1
162,40,681.67,186.76,30.49,25.74,1,-1,-1,-1
162,60,1034.31,448.25,21.28,51.80,1,-1,-1,-1
162,62,762.79,192.42,30.06,26.54,1,-1,-1,-1
162,67,1181.28,325.81,102.96,56.92,1,-1,-1,-1
162,77,990.53,332.28,57.27,48.17,1,-1,-1,-1
162,80,599.15,205.80,30.62,31.90,1,-1,-1,-1
162,82,1079.48,355.26,111.68,51.04,1,-1,-1,-1
162,84,708.75,151.74,22.93,20.78,1,-1,-1,-1
162,87,285.94,379.47,20.08,49.80,1,-1,-1,-1
163,8,809.84,355.08,54.99,55.29,1,-1,-1,-1
163,10,770.59,217.46,36.94,30.64,1,-1,-1,-1
163,19,405.61,332.07,64.93,65.17,1,-1,-1,-1
163,40,681.49,185.83,30.37,25.76,1,-1,-1,-1
163,60,1035.32,449.46,21.77,52.24,1,-1,-1,-1
163,62,763.17,193.00,30.01,26.57,1,-1,-1,-1
163,67,1181.11,325.85,103.39,57.24,1,-1,-1,-1
163,77,991.57,332.57,57.56,48.24,1,-1,-1,-1
163,80,598.03,207.34,31.03,32.20,1,-1,-1,-1
163,82,1080.81,356.54,111.87,51.40,1,-1,-1,-1
163,84,708.88,151.92,22.93,20.75,1,-1,-1,-1
163,87,284.18,379.28,19.97,48.94,1,-1,-1,-1
164,8,810.28,356.07,55.19,55.61,1,-1,-1,-1
164,10,770.96,217.96,37.02,30.73,1,-1,-1,-1
164,19,405.11,332.93,65.20,65.54,1,-1,-1,-1
164,40,681.66,185.41,30.30,25.80,1,-1,-1,-1
164,60,1036.54,449.92,21.81,52.61,1,-1,-1,-1
164,62,763.43,193.32,30.00,26.55,1,-1,-1,-1
164,67,1182.90,327.50,103.21,57.46,1,-1,-1,-1
164,77,993.60,333.87,57.60,48.69,1,-1,-1,-1
164,80,596.79,209.02,31.25,32.48,1,-1,-1,-1
164,82,1080.72,357.82,112.15,51.32,1,-1,-1,-1
164,84,709.12,152.02,22.87,20.73,1,-1,-1,-1
164,87,282.59,380.88,20.09,49.05,1,-1,-1,-1
165,8,810.31,357.13,55.25,55.71,1,-1,-1,-1
165,10,770.54,217.95,37.17,30.93,1,-1,-1,-1
165,19,404.04,333.71,65.67,65.83,1,-1,-1,-1
165,40,681.78,185.09,30.20,25.86,1,-1,-1,-1
165,60,1038.00,449.48,22.03,53.00,1,-1,-1,-1
165,62,762.56,193.64,29.91,26.62,1,-1,-1,-1
165,67,1186.81,329.69,102.43,57.45,1,-1,-1,-1
165,77,994.56,335.14,57.61,49.01,1,-1,-1,-1
165,80,596.18,210.74,31.46,32.95,1,-1,-1,-1
165,82,1080.98,358.96,112.34,51.81,1,-1,-1,-1
165,84,709.15,151.63,22.86,20.78,1,-1,-1,-1
165,87,280.94,382.30,20.26,49.55,1,-1,-1,-1
166,8,810.70,358.56,55.60,55.79,1,-1,-1,-1
166,10,770.66,218.42,37.28,31.01,1,-1,-1,-1
166,19,402.83,335.61,66.05,66.20,1,-1,-1,-1
166,40,681.81,185.04,30.10,25.79,1,-1,-1,-1
166,60,1038.18,448.45,22.15,53.08,1,-1,-1,-1
166,62,762.52,194.66,29.73,26.65,1,-1,-1,-1
166,67,1188.41,330.84,102.10,57.55,1,-1,-1,-1
166,77,994.92,336.04,57.82,49.30,1,-1,-1,-1
166,80,594.62,212.73,31.83,33.43,1,-1,-1,-1
166,82,1081.92,360.68,112.91,52.36,1,-1,-1,-1
166,84,709.32,151.40,22.84,20.77,1,-1,-1,-1
166,87,279.80,383.65,20.30,49.69,1,-1,-1,-1
167,8,811.34,360.26,55.87,56.09,1,-1,-1,-1
167,10,770.52,218.94,37.33,31.10,1,-1,-1,-1
167,19,401.49,336.78,66.33,66.56,1,-1,-1,-1
167,40,681.47,185.22,30.03,25.67,1,-1,-1,-1
167,60,1038.66,448.37,22.10,53.03,1,-1,-1,-1
167,62,763.05,195.16,29.62,26.65,1,-1,-1,-1
167,67,1189.53,332.36,101.88,57.44,1,-1,-1,-1
167,77,995.98,336.75,57.93,49.46,1,-1,-1,-1
167,80,593.42,214.70,32.01,33.87,1,-1,-1,-1
167,82,1084.00,361.67,113.44,52.79,1,-1,-1,-1
167,84,709.54,151.32,22.90,20.81,1,-1,-1,-1
167,87,278.82,385.26,20.48,49.90,1,-1,-1,-1
168,8,811.63,361.52,55.86,56.17,1,-1,-1,-1
168,10,770.70,219.97,37.32,31.10,1,-1,-1,-1
168,19,400.43,337.92,66.58,66.79,1,-1,-1,-1
168,40,681.57,184.66,29.91,25.67,1,-1,-1,-1
168,60,1038.85,449.20,22.22,52.93,1,-1,-1,-1
168,62,763.26,195.45,29.65,26.75,1,-1,-1,-1
168,67,1188.43,333.57,102.40,57.53,1,-1,-1,-1
168,77,996.44,337.97,58.23,49.74,1,-1,-1,-1
168,80,592.59,216.88,32.18,34.15,1,-1,-1,-1
168,82,1085.73,362.95,114.25,53.64,1,-1,-1,-1
168,84,709.55,151.08,22.96,20.77,1,-1,-1,-1
168,87,278.30,385.97,20.57,50.35,1,-1,-1,-1
169,8,811.86,362.67,56.00,56.17,1,-1,-1,-1
169,10,770.73,220.40,37.28,31.14,1,-1,-1,-1
169,19,398.83,339.19,66.97,67.11,1,-1,-1,-1
169,40,681.66,184.66,29.81,25.69,1,-1,-1,-1
169,60,1038.88,450.27,22.42,52.79,1,-1,-1,-1
169,62,763.45,195.56,29.68,26.94,1,-1,-1,-1
169,67,1186.19,334.75,103.59,57.69,1,-1,-1,-1
169,77,996.83,339.67,58.65,49.91,1,-1,-1,-1
169,80,591.21,218.93,32.58,34.61,1,-1,-1,-1
169,82,1087.58,363.42,114.62,54.20,1,-1,-1,-1
169,84,709.51,150.61,22.92,20.81,1,-1,-1,-1
169,87,277.69,386.45,20.90,50.52,1,-1,-1,-1
169,89,1146.43,410.17,49.03,29.48,1,-1,-1,-1
170,8,812.03,363.95,56.14,56.30,1,-1,-1,-1
170,10,770.84,221.23,37.27,31.11,1,-1,-1,-1
170,19,397.59,340.25,67.29,67.33,1,-1,-1,-1
170,40,681.70,184.18,29.72,25.87,1,-1,-1,-1
170,60,1039.38,451.21,22.41,52.90,1,-1,-1,-1
170,62,763.58,195.72,29.77,27.06,1,-1,-1,-1
170,67,1183.64,335.42,105.19,58.19,1,-1,-1,-1
170,77,997.79,340.58,58.91,50.04,1,-1,-1,-1
170,80,590.50,221.57,32.74,34.84,1,-1,-1,-1
170,82,1088.37,364.98,114.84,54.82,1,-1,-1,-1
170,84,709.26,150.39,22.86,20.85,1,-1,-1,-1
170,87,276.93,387.01,20.95,50.37,1,-1,-1,-1
170,89,1169.19,414.77,48.36,30.51,1,-1,-1,-1
171,8,812.24,364.59,56.28,56.27,1,-1,-1,-1
171,10,771.02,221.84,37.15,31.07,1,-1,-1,-1
171,19,396.84,341.40,67.31,67.70,1,-1,-1,-1
171,40,681.33,184.02,29.80,25.98,1,-1,-1,-1
171,60,1039.96,452.04,22.22,52.97,1,-1,-1,-1
171,62,764.25,196.28,30.02,27.17,1,-1,-1,-1
171,67,1183.29,336.11,106.71,58.75,1,-1,-1,-1
171,77,998.57,342.13,59.21,50.20,1,-1,-1,-1
171,80,589.58,223.66,33.04,34.97,1,-1,-1,-1
171,82,1090.65,366.65,115.29,55.12,1,-1,-1,-1
171,84,709.18,150.11,22.92,20.85,1,-1,-1,-1
171,87,276.15,387.66,20.82,50.17,1,-1,-1,-1
171,89,1179.60,416.22,48.13,30.79,1,-1,-1,-1
172,8,812.63,365.84,56.58,56.59,1,-1,-1,-1
172,10,771.55,222.09,37.21,31.28,1,-1,-1,-1
172,19,396.28,342.05,67.69,68.18,1,-1,-1,-1
172,40,681.11,183.51,29.84,26.19,1,-1,-1,-1
172,60,1040.43,452.59,22.09,52.98,1,-1,-1,-1
172,62,764.57,196.78,30.52,27.30,1,-1,-1,-1
172,77,999.62,343.59,59.16,50.33,1,-1,-1,-1
172,80,588.73,225.88,33.49,35.33,1,-1,-1,-1
172,82,1092.07,367.71,115.53,55.75,1,-1,-1,-1
172,84,709.29,149.99,22.92,20.87,1,-1,-1,-1
172,87,275.56,388.50,20.65,49.96,1,-1,-1,-1
172,89,1187.05,417.38,47.73,31.29,1,-1,-1,-1
172,90,666.59,695.92,107.45,67.63,1,-1,-1,-1
173,8,813.11,367.83,56.75,56.91,1,-1,-1,-1
173,10,772.19,222.58,37.29,31.44,1,-1,-1,-1
173,19,395.45,343.87,67.98,68.46,1,-1,-1,-1
173,40,680.94,183.08,29.88,26.39,1,-1,-1,-1
173,60,1040.79,452.69,22.08,52.94,1,-1,-1,-1
173,62,764.93,196.87,30.70,27.35,1,-1,-1,-1
173,77,1000.59,344.73,59.25,50.47,1,-1,-1,-1
173,80,587.54,228.60,33.78,35.84,1,-1,-1,-1
173,82,1093.69,369.14,115.85,55.92,1,-1,-1,-1
173,84,709.13,150.07,22.99,20.95,1,-1,-1,-1
173,87,275.24,389.74,20.48,49.97,1,-1,-1,-1
173,89,1194.73,419.58,47.52,31.51,1,-1,-1,-1
173,90,663.38,686.48,106.59,72.01,1,-1,-1,-1
173,91,1135.90,213.31,57.28,35.19,1,-1,-1,-1
174,8,812.82,369.50,56.97,57.26,1,-1,-1,-1
174,10,772.81,223.19,37.39,31.36,1,-1,-1,-1
174,19,394.44,344.79,68.06,68.72,1,-1,-1,-1
174,40,680.98,182.88,29.96,26.47,1,-1,-1,-1
174,60,1041.81,453.70,22.24,53.04,1,-1,-1,-1
174,62,765.01,197.23,30.70,27.47,1,-1,-1,-1
174,77,1001.49,345.83,59.30,50.56,1,-1,-1,-1
174,80,586.48,230.97,33.95,36.16,1,-1,-1,-1
174,82,1095.29,370.09,116.10,56.18,1,-1,-1,-1
174,84,709.08,149.59,23.05,21.02,1,-1,-1,-1
174,87,274.00,391.30,20.33,49.75,1,-1,-1,-1
174,89,1203.25,421.36,47.18,32.04,1,-1,-1,-1
174,90,664.07,680.38,105.69,75.71,1,-1,-1,-1
174,91,1137.76,214.58,57.70,34.99,1,-1,-1,-1
174,92,1177.57,335.82,123.34,63.66,1,-1,-1,-1
175,8,812.85,370.20,57.28,57.66,1,-1,-1,-1
175,10,772.90,223.43,37.55,31.56,1,-1,-1,-1
175,19,393.51,346.22,68.28,69.07,1,-1,-1,-1
175,40,681.53,182.74,29.84,26.44,1,-1,-1,-1
175,60,1042.81,454.45,22.52,53.07,1,-1,-1,-1
175,62,764.68,198.04,30.96,27.51,1,-1,-1,-1
175,77,1002.50,347.05,59.29,50.64,1,-1,-1,-1
175,80,584.53,233.44,34.27,36.71,1,-1,-1,-1
175,82,1096.25,372.47,116.46,56.15,1,-1,-1,-1
175,84,708.92,149.39,23.12,21.10,1,-1,-1,-1
175,89,1211.86,422.23,46.91,32.72,1,-1,-1,-1
175,91,1139.98,214.70,57.69,34.64,1,-1,-1,-1
175,92,1179.67,336.91,123.84,62.73,1,-1,-1,-1
176,8,813.34,371.29,57.53,57.88,1,-1,-1,-1
176,10,773.52,224.36,37.75,31.65,1,-1,-1,-1
176,19,392.29,347.33,68.64,69.32,1,-1,-1,-1
176,40,681.95,182.42,29.68,26.48,1,-1,-1,-1
176,60,1044.72,455.85,22.96,53.25,1,-1,-1,-1
176,62,764.67,198.36,31.12,27.65,1,-1,-1,-1
176,77,1003.70,348.13,59.55,50.62,1,-1,-1,-1
176,80,582.97,235.52,34.61,37.24,1,-1,-1,-1
176,82,1096.15,374.59,116.51,56.33,1,-1,-1,-1
176,84,708.93,149.37,23.17,21.12,1,-1,-1,-1
176,91,1141.41,216.30,57.90,34.72,1,-1,-1,-1
177,8,814.31,372.84,57.77,58.18,1,-1,-1,-1
177,10,773.44,224.92,37.90,31.69,1,-1,-1,-1
177,19,390.55,348.22,69.20,69.69,1,-1,-1,-1
177,40,681.90,182.46,29.66,26.48,1,-1,-1,-1
177,60,1045.87,457.04,23.57,53.37,1,-1,-1,-1
177,62,764.45,198.90,31.31,27.66,1,-1,-1,-1
177,77,1005.39,349.93,59.77,50.78,1,-1,-1,-1
177,80,582.15,237.63,34.99,37.70,1,-1,-1,-1
177,82,1095.88,376.04,117.11,56.50,1,-1,-1,-1
177,84,709.02,149.41,23.14,21.11,1,-1,-1,-1
177,91,1141.59,216.94,57.95,34.59,1,-1,-1,-1
177,93,665.37,663.23,105.72,100.34,1,-1,-1,-1
178,8,814.73,374.67,58.12,58.51,1,-1,-1,-1
178,10,773.23,225.47,38.05,31.75,1,-1,-1,-1
178,19,389.36,348.59,69.49,70.18,1,-1,-1,-1
178,40,682.05,182.34,29.52,26.47,1,-1,-1,-1
178,60,1046.87,457.71,23.56,53.52,1,-1,-1,-1
178,62,764.28,199.17,31.45,27.67,1,-1,-1,-1
178,77,1006.21,351.07,60.12,51.10,1,-1,-1,-1
178,80,579.85,240.71,35.44,38.11,1,-1,-1,-1
178,82,1096.99,376.77,117.98,56.94,1,-1,-1,-1
178,84,708.76,149.25,23.13,21.08,1,-1,-1,-1
178,91,1142.61,217.54,57.79,34.50,1,-1,-1,-1
178,93,666.08,657.82,104.59,103.21,1,-1,-1,-1
178,94,1203.41,341.64,104.27,63.09,1,-1,-1,-1
179,8,815.93,376.73,58.40,58.86,1,-1,-1,-1
179,10,773.74,226.34,38.17,31.84,1,-1,-1,-1
179,19,388.35,349.81,69.84,70.74,1,-1,-1,-1
179,40,682.23,181.09,29.34,26.55,1,-1,-1,-1
179,60,1047.44,458.00,23.53,53.28,1,-1,-1,-1
179,62,764.56,199.56,31.57,27.88,1,-1,-1,-1
179,77,1007.06,351.89,60.35,51.45,1,-1,-1,-1
179,80,577.86,243.61,36.24,38.92,1,-1,-1,-1
179,82,1097.52,377.16,118.91,57.42,1,-1,-1,-1
179,84,708.57,149.03,23.19,21.08,1,-1,-1,-1
179,91,1143.57,218.09,57.98,34.68,1,-1,-1,-1
179,93,665.83,653.43,104.59,105.49,1,-1,-1,-1
179,94,1206.58,344.37,104.41,62.47,1,-1,-1,-1
