0.7
0.3
1
138

t
1
1.5 0 2 0
tf
0 0 0 0

t
1
2 0 2 0.5
tt
0 0 0 0

t
1
2 0.5 2 1
tt
0 0 0 0

t
1
2 1 1.5 1
tf
0 0 0 0

t
1
1.25 0 1.5 0
tf
0 0 0 0

t
1
1.5 1 1.25 1
tf
0 0 0 0

t
1
1.125 0 1.25 0
tf
0 0 0 0

t
1
1.25 1 1.125 1
tf
0 0 0 0

t
1
1 0.1875 1 0.125
tt
0 -100 0 -100

t
1
1 0.25 1 0.1875
tt
0 -100 0 -100

t
1
1 0.8125 1 0.75
tt
0 -100 0 -100

t
1
1 0.875 1 0.8125
tt
0 -100 0 -100

t
1
1 0.9375 1 0.875
tt
0 -100 0 -100

t
1
1.125 1 1.0625 1
tf
0 0 0 0

t
1
1 0.125 1 0.0625
tt
0 -100 0 -100

t
1
1.0625 0 1.125 0
tf
0 0 0 0

t
1
1 0.3125 1 0.25
tt
0 -100 0 -100

t
1
1 0.375 1 0.3125
tt
0 -100 0 -100

t
1
1 0.6875 1 0.625
tt
0 -100 0 -100

t
1
1 0.75 1 0.6875
tt
0 -100 0 -100

t
1
1 0.4375 1 0.375
tt
0 -100 0 -100

t
1
1 0.5 1 0.4375
tt
0 -100 0 -100

t
1
1 0.5625 1 0.5
tt
0 -100 0 -100

t
1
1 0.625 1 0.5625
tt
0 -100 0 -100

t
1
1.0625 1 1.046875 1
tf
0 0 0 0

t
1
1.046875 0 1.0625 0
tf
0 0 0 0

t
1
1 0.060546875 1 0.05859375
tt
0 -100 0 -100

t
1
1 0.0625 1 0.060546875
tt
0 -100 0 -100

t
1
1 0.939453125 1 0.9375
tt
0 -100 0 -100

t
1
1 0.94140625 1 0.939453125
tt
0 -100 0 -100

t
1
1 0.998046875 1 0.99609375
tt
0 -100 0 -100

t
1
1.001953125 1 1 1
tf
0 0 0 0

t
1
1 1 1 0.998046875
tt
0 -100 0 -100

t
1
1.00390625 1 1.001953125 1
tf
0 0 0 0

t
1
1 0 1.001953125 0
tf
0 0 0 0

t
1
1 0.001953125 1 0
tt
0 -100 0 -100

t
1
1 0.00390625 1 0.001953125
tt
0 -100 0 -100

t
1
1.001953125 0 1.00390625 0
tf
0 0 0 0

t
1
1 0.056640625 1 0.0546875
tt
0 -100 0 -100

t
1
1 0.05859375 1 0.056640625
tt
0 -100 0 -100

t
1
1 0.943359375 1 0.94140625
tt
0 -100 0 -100

t
1
1 0.9453125 1 0.943359375
tt
0 -100 0 -100

t
1
1 0.052734375 1 0.05078125
tt
0 -100 0 -100

t
1
1 0.0546875 1 0.052734375
tt
0 -100 0 -100

t
1
1 0.947265625 1 0.9453125
tt
0 -100 0 -100

t
1
1 0.94921875 1 0.947265625
tt
0 -100 0 -100

t
1
1.00390625 0 1.005859375 0
tf
0 0 0 0

t
1
1.005859375 0 1.0078125 0
tf
0 0 0 0

t
1
1.005859375 1 1.00390625 1
tf
0 0 0 0

t
1
1.0078125 1 1.005859375 1
tf
0 0 0 0

t
1
1 0.048828125 1 0.046875
tt
0 -100 0 -100

t
1
1 0.05078125 1 0.048828125
tt
0 -100 0 -100

t
1
1 0.951171875 1 0.94921875
tt
0 -100 0 -100

t
1
1 0.953125 1 0.951171875
tt
0 -100 0 -100

t
1
1.0078125 0 1.009765625 0
tf
0 0 0 0

t
1
1.009765625 0 1.01171875 0
tf
0 0 0 0

t
1
1.009765625 1 1.0078125 1
tf
0 0 0 0

t
1
1.01171875 1 1.009765625 1
tf
0 0 0 0

t
1
1 0.044921875 1 0.04296875
tt
0 -100 0 -100

t
1
1 0.046875 1 0.044921875
tt
0 -100 0 -100

t
1
1 0.955078125 1 0.953125
tt
0 -100 0 -100

t
1
1 0.95703125 1 0.955078125
tt
0 -100 0 -100

t
1
1 0.041015625 1 0.0390625
tt
0 -100 0 -100

t
1
1 0.04296875 1 0.041015625
tt
0 -100 0 -100

t
1
1 0.958984375 1 0.95703125
tt
0 -100 0 -100

t
1
1 0.9609375 1 0.958984375
tt
0 -100 0 -100

t
1
1.01171875 0 1.013671875 0
tf
0 0 0 0

t
1
1.013671875 0 1.015625 0
tf
0 0 0 0

t
1
1.013671875 1 1.01171875 1
tf
0 0 0 0

t
1
1.015625 1 1.013671875 1
tf
0 0 0 0

t
1
1 0.037109375 1 0.03515625
tt
0 -100 0 -100

t
1
1 0.0390625 1 0.037109375
tt
0 -100 0 -100

t
1
1 0.962890625 1 0.9609375
tt
0 -100 0 -100

t
1
1 0.96484375 1 0.962890625
tt
0 -100 0 -100

t
1
1 0.033203125 1 0.03125
tt
0 -100 0 -100

t
1
1 0.03515625 1 0.033203125
tt
0 -100 0 -100

t
1
1 0.966796875 1 0.96484375
tt
0 -100 0 -100

t
1
1 0.96875 1 0.966796875
tt
0 -100 0 -100

t
1
1.015625 0 1.017578125 0
tf
0 0 0 0

t
1
1.017578125 0 1.01953125 0
tf
0 0 0 0

t
1
1.017578125 1 1.015625 1
tf
0 0 0 0

t
1
1.01953125 1 1.017578125 1
tf
0 0 0 0

t
1
1 0.029296875 1 0.02734375
tt
0 -100 0 -100

t
1
1 0.03125 1 0.029296875
tt
0 -100 0 -100

t
1
1 0.970703125 1 0.96875
tt
0 -100 0 -100

t
1
1 0.97265625 1 0.970703125
tt
0 -100 0 -100

t
1
1 0.994140625 1 0.9921875
tt
0 -100 0 -100

t
1
1 0.99609375 1 0.994140625
tt
0 -100 0 -100

t
1
1 0.005859375 1 0.00390625
tt
0 -100 0 -100

t
1
1 0.0078125 1 0.005859375
tt
0 -100 0 -100

t
1
1.01953125 0 1.021484375 0
tf
0 0 0 0

t
1
1.021484375 0 1.0234375 0
tf
0 0 0 0

t
1
1.021484375 1 1.01953125 1
tf
0 0 0 0

t
1
1.0234375 1 1.021484375 1
tf
0 0 0 0

t
1
1 0.025390625 1 0.0234375
tt
0 -100 0 -100

t
1
1 0.02734375 1 0.025390625
tt
0 -100 0 -100

t
1
1 0.974609375 1 0.97265625
tt
0 -100 0 -100

t
1
1 0.9765625 1 0.974609375
tt
0 -100 0 -100

t
1
1.0234375 0 1.025390625 0
tf
0 0 0 0

t
1
1.025390625 0 1.02734375 0
tf
0 0 0 0

t
1
1.025390625 1 1.0234375 1
tf
0 0 0 0

t
1
1.02734375 1 1.025390625 1
tf
0 0 0 0

t
1
1 0.021484375 1 0.01953125
tt
0 -100 0 -100

t
1
1 0.0234375 1 0.021484375
tt
0 -100 0 -100

t
1
1 0.978515625 1 0.9765625
tt
0 -100 0 -100

t
1
1 0.98046875 1 0.978515625
tt
0 -100 0 -100

t
1
1.02734375 0 1.029296875 0
tf
0 0 0 0

t
1
1.029296875 0 1.03125 0
tf
0 0 0 0

t
1
1.029296875 1 1.02734375 1
tf
0 0 0 0

t
1
1.03125 1 1.029296875 1
tf
0 0 0 0

t
1
1 0.017578125 1 0.015625
tt
0 -100 0 -100

t
1
1 0.01953125 1 0.017578125
tt
0 -100 0 -100

t
1
1 0.982421875 1 0.98046875
tt
0 -100 0 -100

t
1
1 0.984375 1 0.982421875
tt
0 -100 0 -100

t
1
1.03125 0 1.033203125 0
tf
0 0 0 0

t
1
1.033203125 0 1.03515625 0
tf
0 0 0 0

t
1
1.033203125 1 1.03125 1
tf
0 0 0 0

t
1
1.03515625 1 1.033203125 1
tf
0 0 0 0

t
1
1 0.013671875 1 0.01171875
tt
0 -100 0 -100

t
1
1 0.015625 1 0.013671875
tt
0 -100 0 -100

t
1
1 0.986328125 1 0.984375
tt
0 -100 0 -100

t
1
1 0.98828125 1 0.986328125
tt
0 -100 0 -100

t
1
1 0.990234375 1 0.98828125
tt
0 -100 0 -100

t
1
1 0.9921875 1 0.990234375
tt
0 -100 0 -100

t
1
1 0.009765625 1 0.0078125
tt
0 -100 0 -100

t
1
1 0.01171875 1 0.009765625
tt
0 -100 0 -100

t
1
1.03515625 0 1.037109375 0
tf
0 0 0 0

t
1
1.037109375 0 1.0390625 0
tf
0 0 0 0

t
1
1.037109375 1 1.03515625 1
tf
0 0 0 0

t
1
1.0390625 1 1.037109375 1
tf
0 0 0 0

t
1
1.04296875 0 1.044921875 0
tf
0 0 0 0

t
1
1.044921875 0 1.046875 0
tf
0 0 0 0

t
1
1.044921875 1 1.04296875 1
tf
0 0 0 0

t
1
1.046875 1 1.044921875 1
tf
0 0 0 0

t
1
1.0390625 0 1.041015625 0
tf
0 0 0 0

t
1
1.041015625 0 1.04296875 0
tf
0 0 0 0

t
1
1.041015625 1 1.0390625 1
tf
0 0 0 0

t
1
1.04296875 1 1.041015625 1
tf
0 0 0 0

1
1
1 0 2 1

1.605662433 0.1056624327
1.605662433 0.3943375673
1.894337567 0.1056624327
1.894337567 0.3943375673
1.605662433 0.6056624327
1.605662433 0.8943375673
1.894337567 0.6056624327
1.894337567 0.8943375673
1.302831216 0.05283121635
1.302831216 0.1971687836
1.447168784 0.05283121635
1.447168784 0.1971687836
1.302831216 0.3028312164
1.302831216 0.4471687836
1.447168784 0.3028312164
1.447168784 0.4471687836
1.302831216 0.5528312164
1.302831216 0.6971687836
1.447168784 0.5528312164
1.447168784 0.6971687836
1.302831216 0.8028312164
1.302831216 0.9471687836
1.447168784 0.8028312164
1.447168784 0.9471687836
1.151415608 0.5264156082
1.151415608 0.5985843918
1.223584392 0.5264156082
1.223584392 0.5985843918
1.151415608 0.6514156082
1.151415608 0.7235843918
1.223584392 0.6514156082
1.223584392 0.7235843918
1.151415608 0.2764156082
1.151415608 0.3485843918
1.223584392 0.2764156082
1.223584392 0.3485843918
1.151415608 0.4014156082
1.151415608 0.4735843918
1.223584392 0.4014156082
1.223584392 0.4735843918
1.151415608 0.02641560818
1.151415608 0.09858439182
1.223584392 0.02641560818
1.223584392 0.09858439182
1.151415608 0.1514156082
1.151415608 0.2235843918
1.223584392 0.1514156082
1.223584392 0.2235843918
1.151415608 0.7764156082
1.151415608 0.8485843918
1.223584392 0.7764156082
1.223584392 0.8485843918
1.151415608 0.9014156082
1.151415608 0.9735843918
1.223584392 0.9014156082
1.223584392 0.9735843918
1.013207804 0.1382078041
1.013207804 0.1742921959
1.049292196 0.1382078041
1.049292196 0.1742921959
1.013207804 0.2007078041
1.013207804 0.2367921959
1.049292196 0.2007078041
1.049292196 0.2367921959
1.075707804 0.1382078041
1.075707804 0.1742921959
1.111792196 0.1382078041
1.111792196 0.1742921959
1.075707804 0.2007078041
1.075707804 0.2367921959
1.111792196 0.2007078041
1.111792196 0.2367921959
1.013207804 0.7632078041
1.013207804 0.7992921959
1.049292196 0.7632078041
1.049292196 0.7992921959
1.013207804 0.8257078041
1.013207804 0.8617921959
1.049292196 0.8257078041
1.049292196 0.8617921959
1.075707804 0.7632078041
1.075707804 0.7992921959
1.111792196 0.7632078041
1.111792196 0.7992921959
1.075707804 0.8257078041
1.075707804 0.8617921959
1.111792196 0.8257078041
1.111792196 0.8617921959
1.013207804 0.8882078041
1.013207804 0.9242921959
1.049292196 0.8882078041
1.049292196 0.9242921959
1.075707804 0.8882078041
1.075707804 0.9242921959
1.111792196 0.8882078041
1.111792196 0.9242921959
1.075707804 0.9507078041
1.075707804 0.9867921959
1.111792196 0.9507078041
1.111792196 0.9867921959
1.013207804 0.07570780409
1.013207804 0.1117921959
1.049292196 0.07570780409
1.049292196 0.1117921959
1.075707804 0.01320780409
1.075707804 0.04929219591
1.111792196 0.01320780409
1.111792196 0.04929219591
1.075707804 0.07570780409
1.075707804 0.1117921959
1.111792196 0.07570780409
1.111792196 0.1117921959
1.013207804 0.2632078041
1.013207804 0.2992921959
1.049292196 0.2632078041
1.049292196 0.2992921959
1.013207804 0.3257078041
1.013207804 0.3617921959
1.049292196 0.3257078041
1.049292196 0.3617921959
1.075707804 0.2632078041
1.075707804 0.2992921959
1.111792196 0.2632078041
1.111792196 0.2992921959
1.075707804 0.3257078041
1.075707804 0.3617921959
1.111792196 0.3257078041
1.111792196 0.3617921959
1.013207804 0.6382078041
1.013207804 0.6742921959
1.049292196 0.6382078041
1.049292196 0.6742921959
1.013207804 0.7007078041
1.013207804 0.7367921959
1.049292196 0.7007078041
1.049292196 0.7367921959
1.075707804 0.6382078041
1.075707804 0.6742921959
1.111792196 0.6382078041
1.111792196 0.6742921959
1.075707804 0.7007078041
1.075707804 0.7367921959
1.111792196 0.7007078041
1.111792196 0.7367921959
1.013207804 0.3882078041
1.013207804 0.4242921959
1.049292196 0.3882078041
1.049292196 0.4242921959
1.013207804 0.4507078041
1.013207804 0.4867921959
1.049292196 0.4507078041
1.049292196 0.4867921959
1.075707804 0.3882078041
1.075707804 0.4242921959
1.111792196 0.3882078041
1.111792196 0.4242921959
1.075707804 0.4507078041
1.075707804 0.4867921959
1.111792196 0.4507078041
1.111792196 0.4867921959
1.013207804 0.5132078041
1.013207804 0.5492921959
1.049292196 0.5132078041
1.049292196 0.5492921959
1.013207804 0.5757078041
1.013207804 0.6117921959
1.049292196 0.5757078041
1.049292196 0.6117921959
1.075707804 0.5132078041
1.075707804 0.5492921959
1.111792196 0.5132078041
1.111792196 0.5492921959
1.075707804 0.5757078041
1.075707804 0.6117921959
1.111792196 0.5757078041
1.111792196 0.6117921959
1.037853902 0.944103902
1.037853902 0.962146098
1.055896098 0.944103902
1.055896098 0.962146098
1.037853902 0.03785390204
1.037853902 0.05589609796
1.055896098 0.03785390204
1.055896098 0.05589609796
1.018926951 0.940801951
1.018926951 0.949823049
1.027948049 0.940801951
1.027948049 0.949823049
1.018926951 0.956426951
1.018926951 0.965448049
1.027948049 0.956426951
1.027948049 0.965448049
1.018926951 0.03455195102
1.018926951 0.04357304898
1.027948049 0.03455195102
1.027948049 0.04357304898
1.018926951 0.05017695102
1.018926951 0.05919804898
1.027948049 0.05017695102
1.027948049 0.05919804898
1.034551951 0.972051951
1.034551951 0.981073049
1.043573049 0.972051951
1.043573049 0.981073049
1.050176951 0.972051951
1.050176951 0.981073049
1.059198049 0.972051951
1.059198049 0.981073049
1.050176951 0.987676951
1.050176951 0.996698049
1.059198049 0.987676951
1.059198049 0.996698049
1.034551951 0.01892695102
1.034551951 0.02794804898
1.043573049 0.01892695102
1.043573049 0.02794804898
1.050176951 0.003301951022
1.050176951 0.01232304898
1.059198049 0.003301951022
1.059198049 0.01232304898
1.050176951 0.01892695102
1.050176951 0.02794804898
1.059198049 0.01892695102
1.059198049 0.02794804898
1.040713476 0.9860259755
1.040713476 0.9905365245
1.045224024 0.9860259755
1.045224024 0.9905365245
1.040713476 0.009463475511
1.040713476 0.01397402449
1.045224024 0.009463475511
1.045224024 0.01397402449
1.017275976 0.02508847551
1.017275976 0.02959902449
1.021786524 0.02508847551
1.021786524 0.02959902449
1.025088476 0.01727597551
1.025088476 0.02178652449
1.029599024 0.01727597551
1.029599024 0.02178652449
1.025088476 0.02508847551
1.025088476 0.02959902449
1.029599024 0.02508847551
1.029599024 0.02959902449
1.017275976 0.9704009755
1.017275976 0.9749115245
1.021786524 0.9704009755
1.021786524 0.9749115245
1.025088476 0.9704009755
1.025088476 0.9749115245
1.029599024 0.9704009755
1.029599024 0.9749115245
1.025088476 0.9782134755
1.025088476 0.9827240245
1.029599024 0.9782134755
1.029599024 0.9827240245
1.004731738 0.01254423776
1.004731738 0.01479951224
1.006987012 0.01254423776
1.006987012 0.01479951224
1.004731738 0.9852004878
1.004731738 0.9874557622
1.006987012 0.9852004878
1.006987012 0.9874557622
1.004731738 0.9812942378
1.004731738 0.9835495122
1.006987012 0.9812942378
1.006987012 0.9835495122
1.004731738 0.01645048776
1.004731738 0.01870576224
1.006987012 0.01645048776
1.006987012 0.01870576224
1.012544238 0.05941923776
1.012544238 0.06167451224
1.014799512 0.05941923776
1.014799512 0.06167451224
1.012544238 0.9383254878
1.012544238 0.9405807622
1.014799512 0.9383254878
1.014799512 0.9405807622
1.020356738 0.9773879878
1.020356738 0.9796432622
1.022612012 0.9773879878
1.022612012 0.9796432622
1.020356738 0.02035673776
1.020356738 0.02261201224
1.022612012 0.02035673776
1.022612012 0.02261201224
1.039887988 0.9930129878
1.039887988 0.9952682622
1.042143262 0.9930129878
1.042143262 0.9952682622
1.043794238 0.9930129878
1.043794238 0.9952682622
1.046049512 0.9930129878
1.046049512 0.9952682622
1.039887988 0.004731737755
1.039887988 0.006987012245
1.042143262 0.004731737755
1.042143262 0.006987012245
1.043794238 0.004731737755
1.043794238 0.006987012245
1.046049512 0.004731737755
1.046049512 0.006987012245
1.032075488 0.9852004878
1.032075488 0.9874557622
1.034330762 0.9852004878
1.034330762 0.9874557622
1.035981738 0.9852004878
1.035981738 0.9874557622
1.038237012 0.9852004878
1.038237012 0.9874557622
1.032075488 0.01254423776
1.032075488 0.01479951224
1.034330762 0.01254423776
1.034330762 0.01479951224
1.035981738 0.01254423776
1.035981738 0.01479951224
1.038237012 0.01254423776
1.038237012 0.01479951224
1.000412744 0.05900649388
1.000412744 0.06013413112
1.001540381 0.05900649388
1.001540381 0.06013413112
1.000412744 0.06095961888
1.000412744 0.06208725612
1.001540381 0.06095961888
1.001540381 0.06208725612
1.002365869 0.05900649388
1.002365869 0.06013413112
1.003493506 0.05900649388
1.003493506 0.06013413112
1.002365869 0.06095961888
1.002365869 0.06208725612
1.003493506 0.06095961888
1.003493506 0.06208725612
1.000412744 0.9379127439
1.000412744 0.9390403811
1.001540381 0.9379127439
1.001540381 0.9390403811
1.000412744 0.9398658689
1.000412744 0.9409935061
1.001540381 0.9398658689
1.001540381 0.9409935061
1.002365869 0.9379127439
1.002365869 0.9390403811
1.003493506 0.9379127439
1.003493506 0.9390403811
1.002365869 0.9398658689
1.002365869 0.9409935061
1.003493506 0.9398658689
1.003493506 0.9409935061
1.000412744 0.9965064939
1.000412744 0.9976341311
1.001540381 0.9965064939
1.001540381 0.9976341311
1.000412744 0.9984596189
1.000412744 0.9995872561
1.001540381 0.9984596189
1.001540381 0.9995872561
1.002365869 0.9965064939
1.002365869 0.9976341311
1.003493506 0.9965064939
1.003493506 0.9976341311
1.002365869 0.9984596189
1.002365869 0.9995872561
1.003493506 0.9984596189
1.003493506 0.9995872561
1.000412744 0.0004127438777
1.000412744 0.001540381122
1.001540381 0.0004127438777
1.001540381 0.001540381122
1.000412744 0.002365868878
1.000412744 0.003493506122
1.001540381 0.002365868878
1.001540381 0.003493506122
1.002365869 0.0004127438777
1.002365869 0.001540381122
1.003493506 0.0004127438777
1.003493506 0.001540381122
1.002365869 0.002365868878
1.002365869 0.003493506122
1.003493506 0.002365868878
1.003493506 0.003493506122
1.000412744 0.05510024388
1.000412744 0.05622788112
1.001540381 0.05510024388
1.001540381 0.05622788112
1.000412744 0.05705336888
1.000412744 0.05818100612
1.001540381 0.05705336888
1.001540381 0.05818100612
1.002365869 0.05510024388
1.002365869 0.05622788112
1.003493506 0.05510024388
1.003493506 0.05622788112
1.002365869 0.05705336888
1.002365869 0.05818100612
1.003493506 0.05705336888
1.003493506 0.05818100612
1.000412744 0.9418189939
1.000412744 0.9429466311
1.001540381 0.9418189939
1.001540381 0.9429466311
1.000412744 0.9437721189
1.000412744 0.9448997561
1.001540381 0.9437721189
1.001540381 0.9448997561
1.002365869 0.9418189939
1.002365869 0.9429466311
1.003493506 0.9418189939
1.003493506 0.9429466311
1.002365869 0.9437721189
1.002365869 0.9448997561
1.003493506 0.9437721189
1.003493506 0.9448997561
1.000412744 0.05119399388
1.000412744 0.05232163112
1.001540381 0.05119399388
1.001540381 0.05232163112
1.000412744 0.05314711888
1.000412744 0.05427475612
1.001540381 0.05314711888
1.001540381 0.05427475612
1.002365869 0.05119399388
1.002365869 0.05232163112
1.003493506 0.05119399388
1.003493506 0.05232163112
1.002365869 0.05314711888
1.002365869 0.05427475612
1.003493506 0.05314711888
1.003493506 0.05427475612
1.000412744 0.9457252439
1.000412744 0.9468528811
1.001540381 0.9457252439
1.001540381 0.9468528811
1.000412744 0.9476783689
1.000412744 0.9488060061
1.001540381 0.9476783689
1.001540381 0.9488060061
1.002365869 0.9457252439
1.002365869 0.9468528811
1.003493506 0.9457252439
1.003493506 0.9468528811
1.002365869 0.9476783689
1.002365869 0.9488060061
1.003493506 0.9476783689
1.003493506 0.9488060061
1.004318994 0.0004127438777
1.004318994 0.001540381122
1.005446631 0.0004127438777
1.005446631 0.001540381122
1.004318994 0.002365868878
1.004318994 0.003493506122
1.005446631 0.002365868878
1.005446631 0.003493506122
1.006272119 0.0004127438777
1.006272119 0.001540381122
1.007399756 0.0004127438777
1.007399756 0.001540381122
1.006272119 0.002365868878
1.006272119 0.003493506122
1.007399756 0.002365868878
1.007399756 0.003493506122
1.004318994 0.9965064939
1.004318994 0.9976341311
1.005446631 0.9965064939
1.005446631 0.9976341311
1.004318994 0.9984596189
1.004318994 0.9995872561
1.005446631 0.9984596189
1.005446631 0.9995872561
1.006272119 0.9965064939
1.006272119 0.9976341311
1.007399756 0.9965064939
1.007399756 0.9976341311
1.006272119 0.9984596189
1.006272119 0.9995872561
1.007399756 0.9984596189
1.007399756 0.9995872561
1.004318994 0.9418189939
1.004318994 0.9429466311
1.005446631 0.9418189939
1.005446631 0.9429466311
1.004318994 0.9437721189
1.004318994 0.9448997561
1.005446631 0.9437721189
1.005446631 0.9448997561
1.006272119 0.9418189939
1.006272119 0.9429466311
1.007399756 0.9418189939
1.007399756 0.9429466311
1.006272119 0.9437721189
1.006272119 0.9448997561
1.007399756 0.9437721189
1.007399756 0.9448997561
1.004318994 0.05510024388
1.004318994 0.05622788112
1.005446631 0.05510024388
1.005446631 0.05622788112
1.004318994 0.05705336888
1.004318994 0.05818100612
1.005446631 0.05705336888
1.005446631 0.05818100612
1.006272119 0.05510024388
1.006272119 0.05622788112
1.007399756 0.05510024388
1.007399756 0.05622788112
1.006272119 0.05705336888
1.006272119 0.05818100612
1.007399756 0.05705336888
1.007399756 0.05818100612
1.000412744 0.04728774388
1.000412744 0.04841538112
1.001540381 0.04728774388
1.001540381 0.04841538112
1.000412744 0.04924086888
1.000412744 0.05036850612
1.001540381 0.04924086888
1.001540381 0.05036850612
1.002365869 0.04728774388
1.002365869 0.04841538112
1.003493506 0.04728774388
1.003493506 0.04841538112
1.002365869 0.04924086888
1.002365869 0.05036850612
1.003493506 0.04924086888
1.003493506 0.05036850612
1.000412744 0.9496314939
1.000412744 0.9507591311
1.001540381 0.9496314939
1.001540381 0.9507591311
1.000412744 0.9515846189
1.000412744 0.9527122561
1.001540381 0.9515846189
1.001540381 0.9527122561
1.002365869 0.9496314939
1.002365869 0.9507591311
1.003493506 0.9496314939
1.003493506 0.9507591311
1.002365869 0.9515846189
1.002365869 0.9527122561
1.003493506 0.9515846189
1.003493506 0.9527122561
1.004318994 0.9379127439
1.004318994 0.9390403811
1.005446631 0.9379127439
1.005446631 0.9390403811
1.004318994 0.9398658689
1.004318994 0.9409935061
1.005446631 0.9398658689
1.005446631 0.9409935061
1.006272119 0.9379127439
1.006272119 0.9390403811
1.007399756 0.9379127439
1.007399756 0.9390403811
1.006272119 0.9398658689
1.006272119 0.9409935061
1.007399756 0.9398658689
1.007399756 0.9409935061
1.004318994 0.05900649388
1.004318994 0.06013413112
1.005446631 0.05900649388
1.005446631 0.06013413112
1.004318994 0.06095961888
1.004318994 0.06208725612
1.005446631 0.06095961888
1.005446631 0.06208725612
1.006272119 0.05900649388
1.006272119 0.06013413112
1.007399756 0.05900649388
1.007399756 0.06013413112
1.006272119 0.06095961888
1.006272119 0.06208725612
1.007399756 0.06095961888
1.007399756 0.06208725612
1.008225244 0.0004127438777
1.008225244 0.001540381122
1.009352881 0.0004127438777
1.009352881 0.001540381122
1.008225244 0.002365868878
1.008225244 0.003493506122
1.009352881 0.002365868878
1.009352881 0.003493506122
1.010178369 0.0004127438777
1.010178369 0.001540381122
1.011306006 0.0004127438777
1.011306006 0.001540381122
1.010178369 0.002365868878
1.010178369 0.003493506122
1.011306006 0.002365868878
1.011306006 0.003493506122
1.008225244 0.9965064939
1.008225244 0.9976341311
1.009352881 0.9965064939
1.009352881 0.9976341311
1.008225244 0.9984596189
1.008225244 0.9995872561
1.009352881 0.9984596189
1.009352881 0.9995872561
1.010178369 0.9965064939
1.010178369 0.9976341311
1.011306006 0.9965064939
1.011306006 0.9976341311
1.010178369 0.9984596189
1.010178369 0.9995872561
1.011306006 0.9984596189
1.011306006 0.9995872561
1.000412744 0.04338149388
1.000412744 0.04450913112
1.001540381 0.04338149388
1.001540381 0.04450913112
1.000412744 0.04533461888
1.000412744 0.04646225612
1.001540381 0.04533461888
1.001540381 0.04646225612
1.002365869 0.04338149388
1.002365869 0.04450913112
1.003493506 0.04338149388
1.003493506 0.04450913112
1.002365869 0.04533461888
1.002365869 0.04646225612
1.003493506 0.04533461888
1.003493506 0.04646225612
1.000412744 0.9535377439
1.000412744 0.9546653811
1.001540381 0.9535377439
1.001540381 0.9546653811
1.000412744 0.9554908689
1.000412744 0.9566185061
1.001540381 0.9554908689
1.001540381 0.9566185061
1.002365869 0.9535377439
1.002365869 0.9546653811
1.003493506 0.9535377439
1.003493506 0.9546653811
1.002365869 0.9554908689
1.002365869 0.9566185061
1.003493506 0.9554908689
1.003493506 0.9566185061
1.004318994 0.9457252439
1.004318994 0.9468528811
1.005446631 0.9457252439
1.005446631 0.9468528811
1.004318994 0.9476783689
1.004318994 0.9488060061
1.005446631 0.9476783689
1.005446631 0.9488060061
1.006272119 0.9457252439
1.006272119 0.9468528811
1.007399756 0.9457252439
1.007399756 0.9468528811
1.006272119 0.9476783689
1.006272119 0.9488060061
1.007399756 0.9476783689
1.007399756 0.9488060061
1.004318994 0.05119399388
1.004318994 0.05232163112
1.005446631 0.05119399388
1.005446631 0.05232163112
1.004318994 0.05314711888
1.004318994 0.05427475612
1.005446631 0.05314711888
1.005446631 0.05427475612
1.006272119 0.05119399388
1.006272119 0.05232163112
1.007399756 0.05119399388
1.007399756 0.05232163112
1.006272119 0.05314711888
1.006272119 0.05427475612
1.007399756 0.05314711888
1.007399756 0.05427475612
1.000412744 0.03947524388
1.000412744 0.04060288112
1.001540381 0.03947524388
1.001540381 0.04060288112
1.000412744 0.04142836888
1.000412744 0.04255600612
1.001540381 0.04142836888
1.001540381 0.04255600612
1.002365869 0.03947524388
1.002365869 0.04060288112
1.003493506 0.03947524388
1.003493506 0.04060288112
1.002365869 0.04142836888
1.002365869 0.04255600612
1.003493506 0.04142836888
1.003493506 0.04255600612
1.000412744 0.9574439939
1.000412744 0.9585716311
1.001540381 0.9574439939
1.001540381 0.9585716311
1.000412744 0.9593971189
1.000412744 0.9605247561
1.001540381 0.9593971189
1.001540381 0.9605247561
1.002365869 0.9574439939
1.002365869 0.9585716311
1.003493506 0.9574439939
1.003493506 0.9585716311
1.002365869 0.9593971189
1.002365869 0.9605247561
1.003493506 0.9593971189
1.003493506 0.9605247561
1.012131494 0.0004127438777
1.012131494 0.001540381122
1.013259131 0.0004127438777
1.013259131 0.001540381122
1.012131494 0.002365868878
1.012131494 0.003493506122
1.013259131 0.002365868878
1.013259131 0.003493506122
1.014084619 0.0004127438777
1.014084619 0.001540381122
1.015212256 0.0004127438777
1.015212256 0.001540381122
1.014084619 0.002365868878
1.014084619 0.003493506122
1.015212256 0.002365868878
1.015212256 0.003493506122
1.012131494 0.9965064939
1.012131494 0.9976341311
1.013259131 0.9965064939
1.013259131 0.9976341311
1.012131494 0.9984596189
1.012131494 0.9995872561
1.013259131 0.9984596189
1.013259131 0.9995872561
1.014084619 0.9965064939
1.014084619 0.9976341311
1.015212256 0.9965064939
1.015212256 0.9976341311
1.014084619 0.9984596189
1.014084619 0.9995872561
1.015212256 0.9984596189
1.015212256 0.9995872561
1.004318994 0.04728774388
1.004318994 0.04841538112
1.005446631 0.04728774388
1.005446631 0.04841538112
1.004318994 0.04924086888
1.004318994 0.05036850612
1.005446631 0.04924086888
1.005446631 0.05036850612
1.006272119 0.04728774388
1.006272119 0.04841538112
1.007399756 0.04728774388
1.007399756 0.04841538112
1.006272119 0.04924086888
1.006272119 0.05036850612
1.007399756 0.04924086888
1.007399756 0.05036850612
1.004318994 0.9496314939
1.004318994 0.9507591311
1.005446631 0.9496314939
1.005446631 0.9507591311
1.004318994 0.9515846189
1.004318994 0.9527122561
1.005446631 0.9515846189
1.005446631 0.9527122561
1.006272119 0.9496314939
1.006272119 0.9507591311
1.007399756 0.9496314939
1.007399756 0.9507591311
1.006272119 0.9515846189
1.006272119 0.9527122561
1.007399756 0.9515846189
1.007399756 0.9527122561
1.000412744 0.03556899388
1.000412744 0.03669663112
1.001540381 0.03556899388
1.001540381 0.03669663112
1.000412744 0.03752211888
1.000412744 0.03864975612
1.001540381 0.03752211888
1.001540381 0.03864975612
1.002365869 0.03556899388
1.002365869 0.03669663112
1.003493506 0.03556899388
1.003493506 0.03669663112
1.002365869 0.03752211888
1.002365869 0.03864975612
1.003493506 0.03752211888
1.003493506 0.03864975612
1.000412744 0.9613502439
1.000412744 0.9624778811
1.001540381 0.9613502439
1.001540381 0.9624778811
1.000412744 0.9633033689
1.000412744 0.9644310061
1.001540381 0.9633033689
1.001540381 0.9644310061
1.002365869 0.9613502439
1.002365869 0.9624778811
1.003493506 0.9613502439
1.003493506 0.9624778811
1.002365869 0.9633033689
1.002365869 0.9644310061
1.003493506 0.9633033689
1.003493506 0.9644310061
1.004318994 0.004318993878
1.004318994 0.005446631122
1.005446631 0.004318993878
1.005446631 0.005446631122
1.004318994 0.006272118878
1.004318994 0.007399756122
1.005446631 0.006272118878
1.005446631 0.007399756122
1.006272119 0.004318993878
1.006272119 0.005446631122
1.007399756 0.004318993878
1.007399756 0.005446631122
1.006272119 0.006272118878
1.006272119 0.007399756122
1.007399756 0.006272118878
1.007399756 0.007399756122
1.004318994 0.9926002439
1.004318994 0.9937278811
1.005446631 0.9926002439
1.005446631 0.9937278811
1.004318994 0.9945533689
1.004318994 0.9956810061
1.005446631 0.9945533689
1.005446631 0.9956810061
1.006272119 0.9926002439
1.006272119 0.9937278811
1.007399756 0.9926002439
1.007399756 0.9937278811
1.006272119 0.9945533689
1.006272119 0.9956810061
1.007399756 0.9945533689
1.007399756 0.9956810061
1.008225244 0.9926002439
1.008225244 0.9937278811
1.009352881 0.9926002439
1.009352881 0.9937278811
1.008225244 0.9945533689
1.008225244 0.9956810061
1.009352881 0.9945533689
1.009352881 0.9956810061
1.010178369 0.9926002439
1.010178369 0.9937278811
1.011306006 0.9926002439
1.011306006 0.9937278811
1.010178369 0.9945533689
1.010178369 0.9956810061
1.011306006 0.9945533689
1.011306006 0.9956810061
1.008225244 0.004318993878
1.008225244 0.005446631122
1.009352881 0.004318993878
1.009352881 0.005446631122
1.008225244 0.006272118878
1.008225244 0.007399756122
1.009352881 0.006272118878
1.009352881 0.007399756122
1.010178369 0.004318993878
1.010178369 0.005446631122
1.011306006 0.004318993878
1.011306006 0.005446631122
1.010178369 0.006272118878
1.010178369 0.007399756122
1.011306006 0.006272118878
1.011306006 0.007399756122
1.000412744 0.03166274388
1.000412744 0.03279038112
1.001540381 0.03166274388
1.001540381 0.03279038112
1.000412744 0.03361586888
1.000412744 0.03474350612
1.001540381 0.03361586888
1.001540381 0.03474350612
1.002365869 0.03166274388
1.002365869 0.03279038112
1.003493506 0.03166274388
1.003493506 0.03279038112
1.002365869 0.03361586888
1.002365869 0.03474350612
1.003493506 0.03361586888
1.003493506 0.03474350612
1.000412744 0.9652564939
1.000412744 0.9663841311
1.001540381 0.9652564939
1.001540381 0.9663841311
1.000412744 0.9672096189
1.000412744 0.9683372561
1.001540381 0.9672096189
1.001540381 0.9683372561
1.002365869 0.9652564939
1.002365869 0.9663841311
1.003493506 0.9652564939
1.003493506 0.9663841311
1.002365869 0.9672096189
1.002365869 0.9683372561
1.003493506 0.9672096189
1.003493506 0.9683372561
1.004318994 0.9535377439
1.004318994 0.9546653811
1.005446631 0.9535377439
1.005446631 0.9546653811
1.004318994 0.9554908689
1.004318994 0.9566185061
1.005446631 0.9554908689
1.005446631 0.9566185061
1.006272119 0.9535377439
1.006272119 0.9546653811
1.007399756 0.9535377439
1.007399756 0.9546653811
1.006272119 0.9554908689
1.006272119 0.9566185061
1.007399756 0.9554908689
1.007399756 0.9566185061
1.004318994 0.04338149388
1.004318994 0.04450913112
1.005446631 0.04338149388
1.005446631 0.04450913112
1.004318994 0.04533461888
1.004318994 0.04646225612
1.005446631 0.04533461888
1.005446631 0.04646225612
1.006272119 0.04338149388
1.006272119 0.04450913112
1.007399756 0.04338149388
1.007399756 0.04450913112
1.006272119 0.04533461888
1.006272119 0.04646225612
1.007399756 0.04533461888
1.007399756 0.04646225612
1.016037744 0.0004127438777
1.016037744 0.001540381122
1.017165381 0.0004127438777
1.017165381 0.001540381122
1.016037744 0.002365868878
1.016037744 0.003493506122
1.017165381 0.002365868878
1.017165381 0.003493506122
1.017990869 0.0004127438777
1.017990869 0.001540381122
1.019118506 0.0004127438777
1.019118506 0.001540381122
1.017990869 0.002365868878
1.017990869 0.003493506122
1.019118506 0.002365868878
1.019118506 0.003493506122
1.016037744 0.9965064939
1.016037744 0.9976341311
1.017165381 0.9965064939
1.017165381 0.9976341311
1.016037744 0.9984596189
1.016037744 0.9995872561
1.017165381 0.9984596189
1.017165381 0.9995872561
1.017990869 0.9965064939
1.017990869 0.9976341311
1.019118506 0.9965064939
1.019118506 0.9976341311
1.017990869 0.9984596189
1.017990869 0.9995872561
1.019118506 0.9984596189
1.019118506 0.9995872561
1.012131494 0.9926002439
1.012131494 0.9937278811
1.013259131 0.9926002439
1.013259131 0.9937278811
1.012131494 0.9945533689
1.012131494 0.9956810061
1.013259131 0.9945533689
1.013259131 0.9956810061
1.014084619 0.9926002439
1.014084619 0.9937278811
1.015212256 0.9926002439
1.015212256 0.9937278811
1.014084619 0.9945533689
1.014084619 0.9956810061
1.015212256 0.9945533689
1.015212256 0.9956810061
1.012131494 0.004318993878
1.012131494 0.005446631122
1.013259131 0.004318993878
1.013259131 0.005446631122
1.012131494 0.006272118878
1.012131494 0.007399756122
1.013259131 0.006272118878
1.013259131 0.007399756122
1.014084619 0.004318993878
1.014084619 0.005446631122
1.015212256 0.004318993878
1.015212256 0.005446631122
1.014084619 0.006272118878
1.014084619 0.007399756122
1.015212256 0.006272118878
1.015212256 0.007399756122
1.000412744 0.02775649388
1.000412744 0.02888413112
1.001540381 0.02775649388
1.001540381 0.02888413112
1.000412744 0.02970961888
1.000412744 0.03083725612
1.001540381 0.02970961888
1.001540381 0.03083725612
1.002365869 0.02775649388
1.002365869 0.02888413112
1.003493506 0.02775649388
1.003493506 0.02888413112
1.002365869 0.02970961888
1.002365869 0.03083725612
1.003493506 0.02970961888
1.003493506 0.03083725612
1.000412744 0.9691627439
1.000412744 0.9702903811
1.001540381 0.9691627439
1.001540381 0.9702903811
1.000412744 0.9711158689
1.000412744 0.9722435061
1.001540381 0.9711158689
1.001540381 0.9722435061
1.002365869 0.9691627439
1.002365869 0.9702903811
1.003493506 0.9691627439
1.003493506 0.9702903811
1.002365869 0.9711158689
1.002365869 0.9722435061
1.003493506 0.9711158689
1.003493506 0.9722435061
1.000412744 0.9926002439
1.000412744 0.9937278811
1.001540381 0.9926002439
1.001540381 0.9937278811
1.000412744 0.9945533689
1.000412744 0.9956810061
1.001540381 0.9945533689
1.001540381 0.9956810061
1.002365869 0.9926002439
1.002365869 0.9937278811
1.003493506 0.9926002439
1.003493506 0.9937278811
1.002365869 0.9945533689
1.002365869 0.9956810061
1.003493506 0.9945533689
1.003493506 0.9956810061
1.000412744 0.004318993878
1.000412744 0.005446631122
1.001540381 0.004318993878
1.001540381 0.005446631122
1.000412744 0.006272118878
1.000412744 0.007399756122
1.001540381 0.006272118878
1.001540381 0.007399756122
1.002365869 0.004318993878
1.002365869 0.005446631122
1.003493506 0.004318993878
1.003493506 0.005446631122
1.002365869 0.006272118878
1.002365869 0.007399756122
1.003493506 0.006272118878
1.003493506 0.007399756122
1.004318994 0.03947524388
1.004318994 0.04060288112
1.005446631 0.03947524388
1.005446631 0.04060288112
1.004318994 0.04142836888
1.004318994 0.04255600612
1.005446631 0.04142836888
1.005446631 0.04255600612
1.006272119 0.03947524388
1.006272119 0.04060288112
1.007399756 0.03947524388
1.007399756 0.04060288112
1.006272119 0.04142836888
1.006272119 0.04255600612
1.007399756 0.04142836888
1.007399756 0.04255600612
1.004318994 0.9574439939
1.004318994 0.9585716311
1.005446631 0.9574439939
1.005446631 0.9585716311
1.004318994 0.9593971189
1.004318994 0.9605247561
1.005446631 0.9593971189
1.005446631 0.9605247561
1.006272119 0.9574439939
1.006272119 0.9585716311
1.007399756 0.9574439939
1.007399756 0.9585716311
1.006272119 0.9593971189
1.006272119 0.9605247561
1.007399756 0.9593971189
1.007399756 0.9605247561
1.016037744 0.9926002439
1.016037744 0.9937278811
1.017165381 0.9926002439
1.017165381 0.9937278811
1.016037744 0.9945533689
1.016037744 0.9956810061
1.017165381 0.9945533689
1.017165381 0.9956810061
1.017990869 0.9926002439
1.017990869 0.9937278811
1.019118506 0.9926002439
1.019118506 0.9937278811
1.017990869 0.9945533689
1.017990869 0.9956810061
1.019118506 0.9945533689
1.019118506 0.9956810061
1.016037744 0.004318993878
1.016037744 0.005446631122
1.017165381 0.004318993878
1.017165381 0.005446631122
1.016037744 0.006272118878
1.016037744 0.007399756122
1.017165381 0.006272118878
1.017165381 0.007399756122
1.017990869 0.004318993878
1.017990869 0.005446631122
1.019118506 0.004318993878
1.019118506 0.005446631122
1.017990869 0.006272118878
1.017990869 0.007399756122
1.019118506 0.006272118878
1.019118506 0.007399756122
1.019943994 0.0004127438777
1.019943994 0.001540381122
1.021071631 0.0004127438777
1.021071631 0.001540381122
1.019943994 0.002365868878
1.019943994 0.003493506122
1.021071631 0.002365868878
1.021071631 0.003493506122
1.021897119 0.0004127438777
1.021897119 0.001540381122
1.023024756 0.0004127438777
1.023024756 0.001540381122
1.021897119 0.002365868878
1.021897119 0.003493506122
1.023024756 0.002365868878
1.023024756 0.003493506122
1.019943994 0.9965064939
1.019943994 0.9976341311
1.021071631 0.9965064939
1.021071631 0.9976341311
1.019943994 0.9984596189
1.019943994 0.9995872561
1.021071631 0.9984596189
1.021071631 0.9995872561
1.021897119 0.9965064939
1.021897119 0.9976341311
1.023024756 0.9965064939
1.023024756 0.9976341311
1.021897119 0.9984596189
1.021897119 0.9995872561
1.023024756 0.9984596189
1.023024756 0.9995872561
1.008225244 0.9457252439
1.008225244 0.9468528811
1.009352881 0.9457252439
1.009352881 0.9468528811
1.008225244 0.9476783689
1.008225244 0.9488060061
1.009352881 0.9476783689
1.009352881 0.9488060061
1.010178369 0.9457252439
1.010178369 0.9468528811
1.011306006 0.9457252439
1.011306006 0.9468528811
1.010178369 0.9476783689
1.010178369 0.9488060061
1.011306006 0.9476783689
1.011306006 0.9488060061
1.008225244 0.05119399388
1.008225244 0.05232163112
1.009352881 0.05119399388
1.009352881 0.05232163112
1.008225244 0.05314711888
1.008225244 0.05427475612
1.009352881 0.05314711888
1.009352881 0.05427475612
1.010178369 0.05119399388
1.010178369 0.05232163112
1.011306006 0.05119399388
1.011306006 0.05232163112
1.010178369 0.05314711888
1.010178369 0.05427475612
1.011306006 0.05314711888
1.011306006 0.05427475612
1.000412744 0.02385024388
1.000412744 0.02497788112
1.001540381 0.02385024388
1.001540381 0.02497788112
1.000412744 0.02580336888
1.000412744 0.02693100612
1.001540381 0.02580336888
1.001540381 0.02693100612
1.002365869 0.02385024388
1.002365869 0.02497788112
1.003493506 0.02385024388
1.003493506 0.02497788112
1.002365869 0.02580336888
1.002365869 0.02693100612
1.003493506 0.02580336888
1.003493506 0.02693100612
1.000412744 0.9730689939
1.000412744 0.9741966311
1.001540381 0.9730689939
1.001540381 0.9741966311
1.000412744 0.9750221189
1.000412744 0.9761497561
1.001540381 0.9750221189
1.001540381 0.9761497561
1.002365869 0.9730689939
1.002365869 0.9741966311
1.003493506 0.9730689939
1.003493506 0.9741966311
1.002365869 0.9750221189
1.002365869 0.9761497561
1.003493506 0.9750221189
1.003493506 0.9761497561
1.008225244 0.9418189939
1.008225244 0.9429466311
1.009352881 0.9418189939
1.009352881 0.9429466311
1.008225244 0.9437721189
1.008225244 0.9448997561
1.009352881 0.9437721189
1.009352881 0.9448997561
1.010178369 0.9418189939
1.010178369 0.9429466311
1.011306006 0.9418189939
1.011306006 0.9429466311
1.010178369 0.9437721189
1.010178369 0.9448997561
1.011306006 0.9437721189
1.011306006 0.9448997561
1.008225244 0.05510024388
1.008225244 0.05622788112
1.009352881 0.05510024388
1.009352881 0.05622788112
1.008225244 0.05705336888
1.008225244 0.05818100612
1.009352881 0.05705336888
1.009352881 0.05818100612
1.010178369 0.05510024388
1.010178369 0.05622788112
1.011306006 0.05510024388
1.011306006 0.05622788112
1.010178369 0.05705336888
1.010178369 0.05818100612
1.011306006 0.05705336888
1.011306006 0.05818100612
1.008225244 0.9496314939
1.008225244 0.9507591311
1.009352881 0.9496314939
1.009352881 0.9507591311
1.008225244 0.9515846189
1.008225244 0.9527122561
1.009352881 0.9515846189
1.009352881 0.9527122561
1.010178369 0.9496314939
1.010178369 0.9507591311
1.011306006 0.9496314939
1.011306006 0.9507591311
1.010178369 0.9515846189
1.010178369 0.9527122561
1.011306006 0.9515846189
1.011306006 0.9527122561
1.008225244 0.04728774388
1.008225244 0.04841538112
1.009352881 0.04728774388
1.009352881 0.04841538112
1.008225244 0.04924086888
1.008225244 0.05036850612
1.009352881 0.04924086888
1.009352881 0.05036850612
1.010178369 0.04728774388
1.010178369 0.04841538112
1.011306006 0.04728774388
1.011306006 0.04841538112
1.010178369 0.04924086888
1.010178369 0.05036850612
1.011306006 0.04924086888
1.011306006 0.05036850612
1.004318994 0.9613502439
1.004318994 0.9624778811
1.005446631 0.9613502439
1.005446631 0.9624778811
1.004318994 0.9633033689
1.004318994 0.9644310061
1.005446631 0.9633033689
1.005446631 0.9644310061
1.006272119 0.9613502439
1.006272119 0.9624778811
1.007399756 0.9613502439
1.007399756 0.9624778811
1.006272119 0.9633033689
1.006272119 0.9644310061
1.007399756 0.9633033689
1.007399756 0.9644310061
1.004318994 0.03556899388
1.004318994 0.03669663112
1.005446631 0.03556899388
1.005446631 0.03669663112
1.004318994 0.03752211888
1.004318994 0.03864975612
1.005446631 0.03752211888
1.005446631 0.03864975612
1.006272119 0.03556899388
1.006272119 0.03669663112
1.007399756 0.03556899388
1.007399756 0.03669663112
1.006272119 0.03752211888
1.006272119 0.03864975612
1.007399756 0.03752211888
1.007399756 0.03864975612
1.019943994 0.9926002439
1.019943994 0.9937278811
1.021071631 0.9926002439
1.021071631 0.9937278811
1.019943994 0.9945533689
1.019943994 0.9956810061
1.021071631 0.9945533689
1.021071631 0.9956810061
1.021897119 0.9926002439
1.021897119 0.9937278811
1.023024756 0.9926002439
1.023024756 0.9937278811
1.021897119 0.9945533689
1.021897119 0.9956810061
1.023024756 0.9945533689
1.023024756 0.9956810061
1.019943994 0.004318993878
1.019943994 0.005446631122
1.021071631 0.004318993878
1.021071631 0.005446631122
1.019943994 0.006272118878
1.019943994 0.007399756122
1.021071631 0.006272118878
1.021071631 0.007399756122
1.021897119 0.004318993878
1.021897119 0.005446631122
1.023024756 0.004318993878
1.023024756 0.005446631122
1.021897119 0.006272118878
1.021897119 0.007399756122
1.023024756 0.006272118878
1.023024756 0.007399756122
1.023850244 0.0004127438777
1.023850244 0.001540381122
1.024977881 0.0004127438777
1.024977881 0.001540381122
1.023850244 0.002365868878
1.023850244 0.003493506122
1.024977881 0.002365868878
1.024977881 0.003493506122
1.025803369 0.0004127438777
1.025803369 0.001540381122
1.026931006 0.0004127438777
1.026931006 0.001540381122
1.025803369 0.002365868878
1.025803369 0.003493506122
1.026931006 0.002365868878
1.026931006 0.003493506122
1.023850244 0.9965064939
1.023850244 0.9976341311
1.024977881 0.9965064939
1.024977881 0.9976341311
1.023850244 0.9984596189
1.023850244 0.9995872561
1.024977881 0.9984596189
1.024977881 0.9995872561
1.025803369 0.9965064939
1.025803369 0.9976341311
1.026931006 0.9965064939
1.026931006 0.9976341311
1.025803369 0.9984596189
1.025803369 0.9995872561
1.026931006 0.9984596189
1.026931006 0.9995872561
1.000412744 0.01994399388
1.000412744 0.02107163112
1.001540381 0.01994399388
1.001540381 0.02107163112
1.000412744 0.02189711888
1.000412744 0.02302475612
1.001540381 0.02189711888
1.001540381 0.02302475612
1.002365869 0.01994399388
1.002365869 0.02107163112
1.003493506 0.01994399388
1.003493506 0.02107163112
1.002365869 0.02189711888
1.002365869 0.02302475612
1.003493506 0.02189711888
1.003493506 0.02302475612
1.000412744 0.9769752439
1.000412744 0.9781028811
1.001540381 0.9769752439
1.001540381 0.9781028811
1.000412744 0.9789283689
1.000412744 0.9800560061
1.001540381 0.9789283689
1.001540381 0.9800560061
1.002365869 0.9769752439
1.002365869 0.9781028811
1.003493506 0.9769752439
1.003493506 0.9781028811
1.002365869 0.9789283689
1.002365869 0.9800560061
1.003493506 0.9789283689
1.003493506 0.9800560061
1.008225244 0.9535377439
1.008225244 0.9546653811
1.009352881 0.9535377439
1.009352881 0.9546653811
1.008225244 0.9554908689
1.008225244 0.9566185061
1.009352881 0.9554908689
1.009352881 0.9566185061
1.010178369 0.9535377439
1.010178369 0.9546653811
1.011306006 0.9535377439
1.011306006 0.9546653811
1.010178369 0.9554908689
1.010178369 0.9566185061
1.011306006 0.9554908689
1.011306006 0.9566185061
1.008225244 0.04338149388
1.008225244 0.04450913112
1.009352881 0.04338149388
1.009352881 0.04450913112
1.008225244 0.04533461888
1.008225244 0.04646225612
1.009352881 0.04533461888
1.009352881 0.04646225612
1.010178369 0.04338149388
1.010178369 0.04450913112
1.011306006 0.04338149388
1.011306006 0.04450913112
1.010178369 0.04533461888
1.010178369 0.04646225612
1.011306006 0.04533461888
1.011306006 0.04646225612
1.012131494 0.008225243878
1.012131494 0.009352881122
1.013259131 0.008225243878
1.013259131 0.009352881122
1.012131494 0.01017836888
1.012131494 0.01130600612
1.013259131 0.01017836888
1.013259131 0.01130600612
1.014084619 0.008225243878
1.014084619 0.009352881122
1.015212256 0.008225243878
1.015212256 0.009352881122
1.014084619 0.01017836888
1.014084619 0.01130600612
1.015212256 0.01017836888
1.015212256 0.01130600612
1.012131494 0.9886939939
1.012131494 0.9898216311
1.013259131 0.9886939939
1.013259131 0.9898216311
1.012131494 0.9906471189
1.012131494 0.9917747561
1.013259131 0.9906471189
1.013259131 0.9917747561
1.014084619 0.9886939939
1.014084619 0.9898216311
1.015212256 0.9886939939
1.015212256 0.9898216311
1.014084619 0.9906471189
1.014084619 0.9917747561
1.015212256 0.9906471189
1.015212256 0.9917747561
1.016037744 0.008225243878
1.016037744 0.009352881122
1.017165381 0.008225243878
1.017165381 0.009352881122
1.016037744 0.01017836888
1.016037744 0.01130600612
1.017165381 0.01017836888
1.017165381 0.01130600612
1.017990869 0.008225243878
1.017990869 0.009352881122
1.019118506 0.008225243878
1.019118506 0.009352881122
1.017990869 0.01017836888
1.017990869 0.01130600612
1.019118506 0.01017836888
1.019118506 0.01130600612
1.016037744 0.9886939939
1.016037744 0.9898216311
1.017165381 0.9886939939
1.017165381 0.9898216311
1.016037744 0.9906471189
1.016037744 0.9917747561
1.017165381 0.9906471189
1.017165381 0.9917747561
1.017990869 0.9886939939
1.017990869 0.9898216311
1.019118506 0.9886939939
1.019118506 0.9898216311
1.017990869 0.9906471189
1.017990869 0.9917747561
1.019118506 0.9906471189
1.019118506 0.9917747561
1.004318994 0.9652564939
1.004318994 0.9663841311
1.005446631 0.9652564939
1.005446631 0.9663841311
1.004318994 0.9672096189
1.004318994 0.9683372561
1.005446631 0.9672096189
1.005446631 0.9683372561
1.006272119 0.9652564939
1.006272119 0.9663841311
1.007399756 0.9652564939
1.007399756 0.9663841311
1.006272119 0.9672096189
1.006272119 0.9683372561
1.007399756 0.9672096189
1.007399756 0.9683372561
1.004318994 0.03166274388
1.004318994 0.03279038112
1.005446631 0.03166274388
1.005446631 0.03279038112
1.004318994 0.03361586888
1.004318994 0.03474350612
1.005446631 0.03361586888
1.005446631 0.03474350612
1.006272119 0.03166274388
1.006272119 0.03279038112
1.007399756 0.03166274388
1.007399756 0.03279038112
1.006272119 0.03361586888
1.006272119 0.03474350612
1.007399756 0.03361586888
1.007399756 0.03474350612
1.023850244 0.9926002439
1.023850244 0.9937278811
1.024977881 0.9926002439
1.024977881 0.9937278811
1.023850244 0.9945533689
1.023850244 0.9956810061
1.024977881 0.9945533689
1.024977881 0.9956810061
1.025803369 0.9926002439
1.025803369 0.9937278811
1.026931006 0.9926002439
1.026931006 0.9937278811
1.025803369 0.9945533689
1.025803369 0.9956810061
1.026931006 0.9945533689
1.026931006 0.9956810061
1.023850244 0.004318993878
1.023850244 0.005446631122
1.024977881 0.004318993878
1.024977881 0.005446631122
1.023850244 0.006272118878
1.023850244 0.007399756122
1.024977881 0.006272118878
1.024977881 0.007399756122
1.025803369 0.004318993878
1.025803369 0.005446631122
1.026931006 0.004318993878
1.026931006 0.005446631122
1.025803369 0.006272118878
1.025803369 0.007399756122
1.026931006 0.006272118878
1.026931006 0.007399756122
1.008225244 0.9886939939
1.008225244 0.9898216311
1.009352881 0.9886939939
1.009352881 0.9898216311
1.008225244 0.9906471189
1.008225244 0.9917747561
1.009352881 0.9906471189
1.009352881 0.9917747561
1.010178369 0.9886939939
1.010178369 0.9898216311
1.011306006 0.9886939939
1.011306006 0.9898216311
1.010178369 0.9906471189
1.010178369 0.9917747561
1.011306006 0.9906471189
1.011306006 0.9917747561
1.008225244 0.008225243878
1.008225244 0.009352881122
1.009352881 0.008225243878
1.009352881 0.009352881122
1.008225244 0.01017836888
1.008225244 0.01130600612
1.009352881 0.01017836888
1.009352881 0.01130600612
1.010178369 0.008225243878
1.010178369 0.009352881122
1.011306006 0.008225243878
1.011306006 0.009352881122
1.010178369 0.01017836888
1.010178369 0.01130600612
1.011306006 0.01017836888
1.011306006 0.01130600612
1.008225244 0.9379127439
1.008225244 0.9390403811
1.009352881 0.9379127439
1.009352881 0.9390403811
1.008225244 0.9398658689
1.008225244 0.9409935061
1.009352881 0.9398658689
1.009352881 0.9409935061
1.010178369 0.9379127439
1.010178369 0.9390403811
1.011306006 0.9379127439
1.011306006 0.9390403811
1.010178369 0.9398658689
1.010178369 0.9409935061
1.011306006 0.9398658689
1.011306006 0.9409935061
1.008225244 0.05900649388
1.008225244 0.06013413112
1.009352881 0.05900649388
1.009352881 0.06013413112
1.008225244 0.06095961888
1.008225244 0.06208725612
1.009352881 0.06095961888
1.009352881 0.06208725612
1.010178369 0.05900649388
1.010178369 0.06013413112
1.011306006 0.05900649388
1.011306006 0.06013413112
1.010178369 0.06095961888
1.010178369 0.06208725612
1.011306006 0.06095961888
1.011306006 0.06208725612
1.027756494 0.0004127438777
1.027756494 0.001540381122
1.028884131 0.0004127438777
1.028884131 0.001540381122
1.027756494 0.002365868878
1.027756494 0.003493506122
1.028884131 0.002365868878
1.028884131 0.003493506122
1.029709619 0.0004127438777
1.029709619 0.001540381122
1.030837256 0.0004127438777
1.030837256 0.001540381122
1.029709619 0.002365868878
1.029709619 0.003493506122
1.030837256 0.002365868878
1.030837256 0.003493506122
1.027756494 0.9965064939
1.027756494 0.9976341311
1.028884131 0.9965064939
1.028884131 0.9976341311
1.027756494 0.9984596189
1.027756494 0.9995872561
1.028884131 0.9984596189
1.028884131 0.9995872561
1.029709619 0.9965064939
1.029709619 0.9976341311
1.030837256 0.9965064939
1.030837256 0.9976341311
1.029709619 0.9984596189
1.029709619 0.9995872561
1.030837256 0.9984596189
1.030837256 0.9995872561
1.008225244 0.03947524388
1.008225244 0.04060288112
1.009352881 0.03947524388
1.009352881 0.04060288112
1.008225244 0.04142836888
1.008225244 0.04255600612
1.009352881 0.04142836888
1.009352881 0.04255600612
1.010178369 0.03947524388
1.010178369 0.04060288112
1.011306006 0.03947524388
1.011306006 0.04060288112
1.010178369 0.04142836888
1.010178369 0.04255600612
1.011306006 0.04142836888
1.011306006 0.04255600612
1.008225244 0.9574439939
1.008225244 0.9585716311
1.009352881 0.9574439939
1.009352881 0.9585716311
1.008225244 0.9593971189
1.008225244 0.9605247561
1.009352881 0.9593971189
1.009352881 0.9605247561
1.010178369 0.9574439939
1.010178369 0.9585716311
1.011306006 0.9574439939
1.011306006 0.9585716311
1.010178369 0.9593971189
1.010178369 0.9605247561
1.011306006 0.9593971189
1.011306006 0.9605247561
1.000412744 0.01603774388
1.000412744 0.01716538112
1.001540381 0.01603774388
1.001540381 0.01716538112
1.000412744 0.01799086888
1.000412744 0.01911850612
1.001540381 0.01799086888
1.001540381 0.01911850612
1.002365869 0.01603774388
1.002365869 0.01716538112
1.003493506 0.01603774388
1.003493506 0.01716538112
1.002365869 0.01799086888
1.002365869 0.01911850612
1.003493506 0.01799086888
1.003493506 0.01911850612
1.000412744 0.9808814939
1.000412744 0.9820091311
1.001540381 0.9808814939
1.001540381 0.9820091311
1.000412744 0.9828346189
1.000412744 0.9839622561
1.001540381 0.9828346189
1.001540381 0.9839622561
1.002365869 0.9808814939
1.002365869 0.9820091311
1.003493506 0.9808814939
1.003493506 0.9820091311
1.002365869 0.9828346189
1.002365869 0.9839622561
1.003493506 0.9828346189
1.003493506 0.9839622561
1.019943994 0.9886939939
1.019943994 0.9898216311
1.021071631 0.9886939939
1.021071631 0.9898216311
1.019943994 0.9906471189
1.019943994 0.9917747561
1.021071631 0.9906471189
1.021071631 0.9917747561
1.021897119 0.9886939939
1.021897119 0.9898216311
1.023024756 0.9886939939
1.023024756 0.9898216311
1.021897119 0.9906471189
1.021897119 0.9917747561
1.023024756 0.9906471189
1.023024756 0.9917747561
1.019943994 0.008225243878
1.019943994 0.009352881122
1.021071631 0.008225243878
1.021071631 0.009352881122
1.019943994 0.01017836888
1.019943994 0.01130600612
1.021071631 0.01017836888
1.021071631 0.01130600612
1.021897119 0.008225243878
1.021897119 0.009352881122
1.023024756 0.008225243878
1.023024756 0.009352881122
1.021897119 0.01017836888
1.021897119 0.01130600612
1.023024756 0.01017836888
1.023024756 0.01130600612
1.004318994 0.9691627439
1.004318994 0.9702903811
1.005446631 0.9691627439
1.005446631 0.9702903811
1.004318994 0.9711158689
1.004318994 0.9722435061
1.005446631 0.9711158689
1.005446631 0.9722435061
1.006272119 0.9691627439
1.006272119 0.9702903811
1.007399756 0.9691627439
1.007399756 0.9702903811
1.006272119 0.9711158689
1.006272119 0.9722435061
1.007399756 0.9711158689
1.007399756 0.9722435061
1.004318994 0.02775649388
1.004318994 0.02888413112
1.005446631 0.02775649388
1.005446631 0.02888413112
1.004318994 0.02970961888
1.004318994 0.03083725612
1.005446631 0.02970961888
1.005446631 0.03083725612
1.006272119 0.02775649388
1.006272119 0.02888413112
1.007399756 0.02775649388
1.007399756 0.02888413112
1.006272119 0.02970961888
1.006272119 0.03083725612
1.007399756 0.02970961888
1.007399756 0.03083725612
1.008225244 0.9613502439
1.008225244 0.9624778811
1.009352881 0.9613502439
1.009352881 0.9624778811
1.008225244 0.9633033689
1.008225244 0.9644310061
1.009352881 0.9633033689
1.009352881 0.9644310061
1.010178369 0.9613502439
1.010178369 0.9624778811
1.011306006 0.9613502439
1.011306006 0.9624778811
1.010178369 0.9633033689
1.010178369 0.9644310061
1.011306006 0.9633033689
1.011306006 0.9644310061
1.008225244 0.03556899388
1.008225244 0.03669663112
1.009352881 0.03556899388
1.009352881 0.03669663112
1.008225244 0.03752211888
1.008225244 0.03864975612
1.009352881 0.03752211888
1.009352881 0.03864975612
1.010178369 0.03556899388
1.010178369 0.03669663112
1.011306006 0.03556899388
1.011306006 0.03669663112
1.010178369 0.03752211888
1.010178369 0.03864975612
1.011306006 0.03752211888
1.011306006 0.03864975612
1.027756494 0.9926002439
1.027756494 0.9937278811
1.028884131 0.9926002439
1.028884131 0.9937278811
1.027756494 0.9945533689
1.027756494 0.9956810061
1.028884131 0.9945533689
1.028884131 0.9956810061
1.029709619 0.9926002439
1.029709619 0.9937278811
1.030837256 0.9926002439
1.030837256 0.9937278811
1.029709619 0.9945533689
1.029709619 0.9956810061
1.030837256 0.9945533689
1.030837256 0.9956810061
1.027756494 0.004318993878
1.027756494 0.005446631122
1.028884131 0.004318993878
1.028884131 0.005446631122
1.027756494 0.006272118878
1.027756494 0.007399756122
1.028884131 0.006272118878
1.028884131 0.007399756122
1.029709619 0.004318993878
1.029709619 0.005446631122
1.030837256 0.004318993878
1.030837256 0.005446631122
1.029709619 0.006272118878
1.029709619 0.007399756122
1.030837256 0.006272118878
1.030837256 0.007399756122
1.031662744 0.0004127438777
1.031662744 0.001540381122
1.032790381 0.0004127438777
1.032790381 0.001540381122
1.031662744 0.002365868878
1.031662744 0.003493506122
1.032790381 0.002365868878
1.032790381 0.003493506122
1.033615869 0.0004127438777
1.033615869 0.001540381122
1.034743506 0.0004127438777
1.034743506 0.001540381122
1.033615869 0.002365868878
1.033615869 0.003493506122
1.034743506 0.002365868878
1.034743506 0.003493506122
1.031662744 0.9965064939
1.031662744 0.9976341311
1.032790381 0.9965064939
1.032790381 0.9976341311
1.031662744 0.9984596189
1.031662744 0.9995872561
1.032790381 0.9984596189
1.032790381 0.9995872561
1.033615869 0.9965064939
1.033615869 0.9976341311
1.034743506 0.9965064939
1.034743506 0.9976341311
1.033615869 0.9984596189
1.033615869 0.9995872561
1.034743506 0.9984596189
1.034743506 0.9995872561
1.023850244 0.9886939939
1.023850244 0.9898216311
1.024977881 0.9886939939
1.024977881 0.9898216311
1.023850244 0.9906471189
1.023850244 0.9917747561
1.024977881 0.9906471189
1.024977881 0.9917747561
1.025803369 0.9886939939
1.025803369 0.9898216311
1.026931006 0.9886939939
1.026931006 0.9898216311
1.025803369 0.9906471189
1.025803369 0.9917747561
1.026931006 0.9906471189
1.026931006 0.9917747561
1.023850244 0.008225243878
1.023850244 0.009352881122
1.024977881 0.008225243878
1.024977881 0.009352881122
1.023850244 0.01017836888
1.023850244 0.01130600612
1.024977881 0.01017836888
1.024977881 0.01130600612
1.025803369 0.008225243878
1.025803369 0.009352881122
1.026931006 0.008225243878
1.026931006 0.009352881122
1.025803369 0.01017836888
1.025803369 0.01130600612
1.026931006 0.01017836888
1.026931006 0.01130600612
1.000412744 0.01213149388
1.000412744 0.01325913112
1.001540381 0.01213149388
1.001540381 0.01325913112
1.000412744 0.01408461888
1.000412744 0.01521225612
1.001540381 0.01408461888
1.001540381 0.01521225612
1.002365869 0.01213149388
1.002365869 0.01325913112
1.003493506 0.01213149388
1.003493506 0.01325913112
1.002365869 0.01408461888
1.002365869 0.01521225612
1.003493506 0.01408461888
1.003493506 0.01521225612
1.000412744 0.9847877439
1.000412744 0.9859153811
1.001540381 0.9847877439
1.001540381 0.9859153811
1.000412744 0.9867408689
1.000412744 0.9878685061
1.001540381 0.9867408689
1.001540381 0.9878685061
1.002365869 0.9847877439
1.002365869 0.9859153811
1.003493506 0.9847877439
1.003493506 0.9859153811
1.002365869 0.9867408689
1.002365869 0.9878685061
1.003493506 0.9867408689
1.003493506 0.9878685061
1.016037744 0.01213149388
1.016037744 0.01325913112
1.017165381 0.01213149388
1.017165381 0.01325913112
1.016037744 0.01408461888
1.016037744 0.01521225612
1.017165381 0.01408461888
1.017165381 0.01521225612
1.017990869 0.01213149388
1.017990869 0.01325913112
1.019118506 0.01213149388
1.019118506 0.01325913112
1.017990869 0.01408461888
1.017990869 0.01521225612
1.019118506 0.01408461888
1.019118506 0.01521225612
1.016037744 0.9847877439
1.016037744 0.9859153811
1.017165381 0.9847877439
1.017165381 0.9859153811
1.016037744 0.9867408689
1.016037744 0.9878685061
1.017165381 0.9867408689
1.017165381 0.9878685061
1.017990869 0.9847877439
1.017990869 0.9859153811
1.019118506 0.9847877439
1.019118506 0.9859153811
1.017990869 0.9867408689
1.017990869 0.9878685061
1.019118506 0.9867408689
1.019118506 0.9878685061
1.000412744 0.9886939939
1.000412744 0.9898216311
1.001540381 0.9886939939
1.001540381 0.9898216311
1.000412744 0.9906471189
1.000412744 0.9917747561
1.001540381 0.9906471189
1.001540381 0.9917747561
1.002365869 0.9886939939
1.002365869 0.9898216311
1.003493506 0.9886939939
1.003493506 0.9898216311
1.002365869 0.9906471189
1.002365869 0.9917747561
1.003493506 0.9906471189
1.003493506 0.9917747561
1.000412744 0.008225243878
1.000412744 0.009352881122
1.001540381 0.008225243878
1.001540381 0.009352881122
1.000412744 0.01017836888
1.000412744 0.01130600612
1.001540381 0.01017836888
1.001540381 0.01130600612
1.002365869 0.008225243878
1.002365869 0.009352881122
1.003493506 0.008225243878
1.003493506 0.009352881122
1.002365869 0.01017836888
1.002365869 0.01130600612
1.003493506 0.01017836888
1.003493506 0.01130600612
1.008225244 0.03166274388
1.008225244 0.03279038112
1.009352881 0.03166274388
1.009352881 0.03279038112
1.008225244 0.03361586888
1.008225244 0.03474350612
1.009352881 0.03361586888
1.009352881 0.03474350612
1.010178369 0.03166274388
1.010178369 0.03279038112
1.011306006 0.03166274388
1.011306006 0.03279038112
1.010178369 0.03361586888
1.010178369 0.03474350612
1.011306006 0.03361586888
1.011306006 0.03474350612
1.008225244 0.9652564939
1.008225244 0.9663841311
1.009352881 0.9652564939
1.009352881 0.9663841311
1.008225244 0.9672096189
1.008225244 0.9683372561
1.009352881 0.9672096189
1.009352881 0.9683372561
1.010178369 0.9652564939
1.010178369 0.9663841311
1.011306006 0.9652564939
1.011306006 0.9663841311
1.010178369 0.9672096189
1.010178369 0.9683372561
1.011306006 0.9672096189
1.011306006 0.9683372561
1.012131494 0.01213149388
1.012131494 0.01325913112
1.013259131 0.01213149388
1.013259131 0.01325913112
1.012131494 0.01408461888
1.012131494 0.01521225612
1.013259131 0.01408461888
1.013259131 0.01521225612
1.014084619 0.01213149388
1.014084619 0.01325913112
1.015212256 0.01213149388
1.015212256 0.01325913112
1.014084619 0.01408461888
1.014084619 0.01521225612
1.015212256 0.01408461888
1.015212256 0.01521225612
1.012131494 0.9847877439
1.012131494 0.9859153811
1.013259131 0.9847877439
1.013259131 0.9859153811
1.012131494 0.9867408689
1.012131494 0.9878685061
1.013259131 0.9867408689
1.013259131 0.9878685061
1.014084619 0.9847877439
1.014084619 0.9859153811
1.015212256 0.9847877439
1.015212256 0.9859153811
1.014084619 0.9867408689
1.014084619 0.9878685061
1.015212256 0.9867408689
1.015212256 0.9878685061
1.031662744 0.9926002439
1.031662744 0.9937278811
1.032790381 0.9926002439
1.032790381 0.9937278811
1.031662744 0.9945533689
1.031662744 0.9956810061
1.032790381 0.9945533689
1.032790381 0.9956810061
1.033615869 0.9926002439
1.033615869 0.9937278811
1.034743506 0.9926002439
1.034743506 0.9937278811
1.033615869 0.9945533689
1.033615869 0.9956810061
1.034743506 0.9945533689
1.034743506 0.9956810061
1.031662744 0.004318993878
1.031662744 0.005446631122
1.032790381 0.004318993878
1.032790381 0.005446631122
1.031662744 0.006272118878
1.031662744 0.007399756122
1.032790381 0.006272118878
1.032790381 0.007399756122
1.033615869 0.004318993878
1.033615869 0.005446631122
1.034743506 0.004318993878
1.034743506 0.005446631122
1.033615869 0.006272118878
1.033615869 0.007399756122
1.034743506 0.006272118878
1.034743506 0.007399756122
1.035568994 0.0004127438777
1.035568994 0.001540381122
1.036696631 0.0004127438777
1.036696631 0.001540381122
1.035568994 0.002365868878
1.035568994 0.003493506122
1.036696631 0.002365868878
1.036696631 0.003493506122
1.037522119 0.0004127438777
1.037522119 0.001540381122
1.038649756 0.0004127438777
1.038649756 0.001540381122
1.037522119 0.002365868878
1.037522119 0.003493506122
1.038649756 0.002365868878
1.038649756 0.003493506122
1.035568994 0.9965064939
1.035568994 0.9976341311
1.036696631 0.9965064939
1.036696631 0.9976341311
1.035568994 0.9984596189
1.035568994 0.9995872561
1.036696631 0.9984596189
1.036696631 0.9995872561
1.037522119 0.9965064939
1.037522119 0.9976341311
1.038649756 0.9965064939
1.038649756 0.9976341311
1.037522119 0.9984596189
1.037522119 0.9995872561
1.038649756 0.9984596189
1.038649756 0.9995872561
1.004318994 0.9730689939
1.004318994 0.9741966311
1.005446631 0.9730689939
1.005446631 0.9741966311
1.004318994 0.9750221189
1.004318994 0.9761497561
1.005446631 0.9750221189
1.005446631 0.9761497561
1.006272119 0.9730689939
1.006272119 0.9741966311
1.007399756 0.9730689939
1.007399756 0.9741966311
1.006272119 0.9750221189
1.006272119 0.9761497561
1.007399756 0.9750221189
1.007399756 0.9761497561
1.004318994 0.02385024388
1.004318994 0.02497788112
1.005446631 0.02385024388
1.005446631 0.02497788112
1.004318994 0.02580336888
1.004318994 0.02693100612
1.005446631 0.02580336888
1.005446631 0.02693100612
1.006272119 0.02385024388
1.006272119 0.02497788112
1.007399756 0.02385024388
1.007399756 0.02497788112
1.006272119 0.02580336888
1.006272119 0.02693100612
1.007399756 0.02580336888
1.007399756 0.02693100612
1.019943994 0.9847877439
1.019943994 0.9859153811
1.021071631 0.9847877439
1.021071631 0.9859153811
1.019943994 0.9867408689
1.019943994 0.9878685061
1.021071631 0.9867408689
1.021071631 0.9878685061
1.021897119 0.9847877439
1.021897119 0.9859153811
1.023024756 0.9847877439
1.023024756 0.9859153811
1.021897119 0.9867408689
1.021897119 0.9878685061
1.023024756 0.9867408689
1.023024756 0.9878685061
1.019943994 0.01213149388
1.019943994 0.01325913112
1.021071631 0.01213149388
1.021071631 0.01325913112
1.019943994 0.01408461888
1.019943994 0.01521225612
1.021071631 0.01408461888
1.021071631 0.01521225612
1.021897119 0.01213149388
1.021897119 0.01325913112
1.023024756 0.01213149388
1.023024756 0.01325913112
1.021897119 0.01408461888
1.021897119 0.01521225612
1.023024756 0.01408461888
1.023024756 0.01521225612
1.027756494 0.008225243878
1.027756494 0.009352881122
1.028884131 0.008225243878
1.028884131 0.009352881122
1.027756494 0.01017836888
1.027756494 0.01130600612
1.028884131 0.01017836888
1.028884131 0.01130600612
1.029709619 0.008225243878
1.029709619 0.009352881122
1.030837256 0.008225243878
1.030837256 0.009352881122
1.029709619 0.01017836888
1.029709619 0.01130600612
1.030837256 0.01017836888
1.030837256 0.01130600612
1.027756494 0.9886939939
1.027756494 0.9898216311
1.028884131 0.9886939939
1.028884131 0.9898216311
1.027756494 0.9906471189
1.027756494 0.9917747561
1.028884131 0.9906471189
1.028884131 0.9917747561
1.029709619 0.9886939939
1.029709619 0.9898216311
1.030837256 0.9886939939
1.030837256 0.9898216311
1.029709619 0.9906471189
1.029709619 0.9917747561
1.030837256 0.9906471189
1.030837256 0.9917747561
1.012131494 0.9535377439
1.012131494 0.9546653811
1.013259131 0.9535377439
1.013259131 0.9546653811
1.012131494 0.9554908689
1.012131494 0.9566185061
1.013259131 0.9554908689
1.013259131 0.9566185061
1.014084619 0.9535377439
1.014084619 0.9546653811
1.015212256 0.9535377439
1.015212256 0.9546653811
1.014084619 0.9554908689
1.014084619 0.9566185061
1.015212256 0.9554908689
1.015212256 0.9566185061
1.012131494 0.04338149388
1.012131494 0.04450913112
1.013259131 0.04338149388
1.013259131 0.04450913112
1.012131494 0.04533461888
1.012131494 0.04646225612
1.013259131 0.04533461888
1.013259131 0.04646225612
1.014084619 0.04338149388
1.014084619 0.04450913112
1.015212256 0.04338149388
1.015212256 0.04450913112
1.014084619 0.04533461888
1.014084619 0.04646225612
1.015212256 0.04533461888
1.015212256 0.04646225612
1.043381494 0.0004127438777
1.043381494 0.001540381122
1.044509131 0.0004127438777
1.044509131 0.001540381122
1.043381494 0.002365868878
1.043381494 0.003493506122
1.044509131 0.002365868878
1.044509131 0.003493506122
1.045334619 0.0004127438777
1.045334619 0.001540381122
1.046462256 0.0004127438777
1.046462256 0.001540381122
1.045334619 0.002365868878
1.045334619 0.003493506122
1.046462256 0.002365868878
1.046462256 0.003493506122
1.043381494 0.9965064939
1.043381494 0.9976341311
1.044509131 0.9965064939
1.044509131 0.9976341311
1.043381494 0.9984596189
1.043381494 0.9995872561
1.044509131 0.9984596189
1.044509131 0.9995872561
1.045334619 0.9965064939
1.045334619 0.9976341311
1.046462256 0.9965064939
1.046462256 0.9976341311
1.045334619 0.9984596189
1.045334619 0.9995872561
1.046462256 0.9984596189
1.046462256 0.9995872561
1.039475244 0.0004127438777
1.039475244 0.001540381122
1.040602881 0.0004127438777
1.040602881 0.001540381122
1.039475244 0.002365868878
1.039475244 0.003493506122
1.040602881 0.002365868878
1.040602881 0.003493506122
1.041428369 0.0004127438777
1.041428369 0.001540381122
1.042556006 0.0004127438777
1.042556006 0.001540381122
1.041428369 0.002365868878
1.041428369 0.003493506122
1.042556006 0.002365868878
1.042556006 0.003493506122
1.039475244 0.9965064939
1.039475244 0.9976341311
1.040602881 0.9965064939
1.040602881 0.9976341311
1.039475244 0.9984596189
1.039475244 0.9995872561
1.040602881 0.9984596189
1.040602881 0.9995872561
1.041428369 0.9965064939
1.041428369 0.9976341311
1.042556006 0.9965064939
1.042556006 0.9976341311
1.041428369 0.9984596189
1.041428369 0.9995872561
1.042556006 0.9984596189
1.042556006 0.9995872561
1.008225244 0.02775649388
1.008225244 0.02888413112
1.009352881 0.02775649388
1.009352881 0.02888413112
1.008225244 0.02970961888
1.008225244 0.03083725612
1.009352881 0.02970961888
1.009352881 0.03083725612
1.010178369 0.02775649388
1.010178369 0.02888413112
1.011306006 0.02775649388
1.011306006 0.02888413112
1.010178369 0.02970961888
1.010178369 0.03083725612
1.011306006 0.02970961888
1.011306006 0.03083725612
1.008225244 0.9691627439
1.008225244 0.9702903811
1.009352881 0.9691627439
1.009352881 0.9702903811
1.008225244 0.9711158689
1.008225244 0.9722435061
1.009352881 0.9711158689
1.009352881 0.9722435061
1.010178369 0.9691627439
1.010178369 0.9702903811
1.011306006 0.9691627439
1.011306006 0.9702903811
1.010178369 0.9711158689
1.010178369 0.9722435061
1.011306006 0.9711158689
1.011306006 0.9722435061
1.004318994 0.008225243878
1.004318994 0.009352881122
1.005446631 0.008225243878
1.005446631 0.009352881122
1.004318994 0.01017836888
1.004318994 0.01130600612
1.005446631 0.01017836888
1.005446631 0.01130600612
1.006272119 0.008225243878
1.006272119 0.009352881122
1.007399756 0.008225243878
1.007399756 0.009352881122
1.006272119 0.01017836888
1.006272119 0.01130600612
1.007399756 0.01017836888
1.007399756 0.01130600612
1.004318994 0.9886939939
1.004318994 0.9898216311
1.005446631 0.9886939939
1.005446631 0.9898216311
1.004318994 0.9906471189
1.004318994 0.9917747561
1.005446631 0.9906471189
1.005446631 0.9917747561
1.006272119 0.9886939939
1.006272119 0.9898216311
1.007399756 0.9886939939
1.007399756 0.9898216311
1.006272119 0.9906471189
1.006272119 0.9917747561
1.007399756 0.9906471189
1.007399756 0.9917747561
1.012131494 0.9574439939
1.012131494 0.9585716311
1.013259131 0.9574439939
1.013259131 0.9585716311
1.012131494 0.9593971189
1.012131494 0.9605247561
1.013259131 0.9593971189
1.013259131 0.9605247561
1.014084619 0.9574439939
1.014084619 0.9585716311
1.015212256 0.9574439939
1.015212256 0.9585716311
1.014084619 0.9593971189
1.014084619 0.9605247561
1.015212256 0.9593971189
1.015212256 0.9605247561
1.012131494 0.03947524388
1.012131494 0.04060288112
1.013259131 0.03947524388
1.013259131 0.04060288112
1.012131494 0.04142836888
1.012131494 0.04255600612
1.013259131 0.04142836888
1.013259131 0.04255600612
1.014084619 0.03947524388
1.014084619 0.04060288112
1.015212256 0.03947524388
1.015212256 0.04060288112
1.014084619 0.04142836888
1.014084619 0.04255600612
1.015212256 0.04142836888
1.015212256 0.04255600612
1.023850244 0.01213149388
1.023850244 0.01325913112
1.024977881 0.01213149388
1.024977881 0.01325913112
1.023850244 0.01408461888
1.023850244 0.01521225612
1.024977881 0.01408461888
1.024977881 0.01521225612
1.025803369 0.01213149388
1.025803369 0.01325913112
1.026931006 0.01213149388
1.026931006 0.01325913112
1.025803369 0.01408461888
1.025803369 0.01521225612
1.026931006 0.01408461888
1.026931006 0.01521225612
1.023850244 0.9847877439
1.023850244 0.9859153811
1.024977881 0.9847877439
1.024977881 0.9859153811
1.023850244 0.9867408689
1.023850244 0.9878685061
1.024977881 0.9867408689
1.024977881 0.9878685061
1.025803369 0.9847877439
1.025803369 0.9859153811
1.026931006 0.9847877439
1.026931006 0.9859153811
1.025803369 0.9867408689
1.025803369 0.9878685061
1.026931006 0.9867408689
1.026931006 0.9878685061
1.035568994 0.9926002439
1.035568994 0.9937278811
1.036696631 0.9926002439
1.036696631 0.9937278811
1.035568994 0.9945533689
1.035568994 0.9956810061
1.036696631 0.9945533689
1.036696631 0.9956810061
1.037522119 0.9926002439
1.037522119 0.9937278811
1.038649756 0.9926002439
1.038649756 0.9937278811
1.037522119 0.9945533689
1.037522119 0.9956810061
1.038649756 0.9945533689
1.038649756 0.9956810061
1.035568994 0.004318993878
1.035568994 0.005446631122
1.036696631 0.004318993878
1.036696631 0.005446631122
1.035568994 0.006272118878
1.035568994 0.007399756122
1.036696631 0.006272118878
1.036696631 0.007399756122
1.037522119 0.004318993878
1.037522119 0.005446631122
1.038649756 0.004318993878
1.038649756 0.005446631122
1.037522119 0.006272118878
1.037522119 0.007399756122
1.038649756 0.006272118878
1.038649756 0.007399756122
1.031662744 0.008225243878
1.031662744 0.009352881122
1.032790381 0.008225243878
1.032790381 0.009352881122
1.031662744 0.01017836888
1.031662744 0.01130600612
1.032790381 0.01017836888
1.032790381 0.01130600612
1.033615869 0.008225243878
1.033615869 0.009352881122
1.034743506 0.008225243878
1.034743506 0.009352881122
1.033615869 0.01017836888
1.033615869 0.01130600612
1.034743506 0.01017836888
1.034743506 0.01130600612
1.031662744 0.9886939939
1.031662744 0.9898216311
1.032790381 0.9886939939
1.032790381 0.9898216311
1.031662744 0.9906471189
1.031662744 0.9917747561
1.032790381 0.9906471189
1.032790381 0.9917747561
1.033615869 0.9886939939
1.033615869 0.9898216311
1.034743506 0.9886939939
1.034743506 0.9898216311
1.033615869 0.9906471189
1.033615869 0.9917747561
1.034743506 0.9906471189
1.034743506 0.9917747561
1.012131494 0.9496314939
1.012131494 0.9507591311
1.013259131 0.9496314939
1.013259131 0.9507591311
1.012131494 0.9515846189
1.012131494 0.9527122561
1.013259131 0.9515846189
1.013259131 0.9527122561
1.014084619 0.9496314939
1.014084619 0.9507591311
1.015212256 0.9496314939
1.015212256 0.9507591311
1.014084619 0.9515846189
1.014084619 0.9527122561
1.015212256 0.9515846189
1.015212256 0.9527122561
1.012131494 0.04728774388
1.012131494 0.04841538112
1.013259131 0.04728774388
1.013259131 0.04841538112
1.012131494 0.04924086888
1.012131494 0.05036850612
1.013259131 0.04924086888
1.013259131 0.05036850612
1.014084619 0.04728774388
1.014084619 0.04841538112
1.015212256 0.04728774388
1.015212256 0.04841538112
1.014084619 0.04924086888
1.014084619 0.05036850612
1.015212256 0.04924086888
1.015212256 0.05036850612
1.012131494 0.05119399388
1.012131494 0.05232163112
1.013259131 0.05119399388
1.013259131 0.05232163112
1.012131494 0.05314711888
1.012131494 0.05427475612
1.013259131 0.05314711888
1.013259131 0.05427475612
1.014084619 0.05119399388
1.014084619 0.05232163112
1.015212256 0.05119399388
1.015212256 0.05232163112
1.014084619 0.05314711888
1.014084619 0.05427475612
1.015212256 0.05314711888
1.015212256 0.05427475612
1.012131494 0.9457252439
1.012131494 0.9468528811
1.013259131 0.9457252439
1.013259131 0.9468528811
1.012131494 0.9476783689
1.012131494 0.9488060061
1.013259131 0.9476783689
1.013259131 0.9488060061
1.014084619 0.9457252439
1.014084619 0.9468528811
1.015212256 0.9457252439
1.015212256 0.9468528811
1.014084619 0.9476783689
1.014084619 0.9488060061
1.015212256 0.9476783689
1.015212256 0.9488060061
1.016037744 0.01603774388
1.016037744 0.01716538112
1.017165381 0.01603774388
1.017165381 0.01716538112
1.016037744 0.01799086888
1.016037744 0.01911850612
1.017165381 0.01799086888
1.017165381 0.01911850612
1.017990869 0.01603774388
1.017990869 0.01716538112
1.019118506 0.01603774388
1.019118506 0.01716538112
1.017990869 0.01799086888
1.017990869 0.01911850612
1.019118506 0.01799086888
1.019118506 0.01911850612
1.016037744 0.9808814939
1.016037744 0.9820091311
1.017165381 0.9808814939
1.017165381 0.9820091311
1.016037744 0.9828346189
1.016037744 0.9839622561
1.017165381 0.9828346189
1.017165381 0.9839622561
1.017990869 0.9808814939
1.017990869 0.9820091311
1.019118506 0.9808814939
1.019118506 0.9820091311
1.017990869 0.9828346189
1.017990869 0.9839622561
1.019118506 0.9828346189
1.019118506 0.9839622561
1.008225244 0.01213149388
1.008225244 0.01325913112
1.009352881 0.01213149388
1.009352881 0.01325913112
1.008225244 0.01408461888
1.008225244 0.01521225612
1.009352881 0.01408461888
1.009352881 0.01521225612
1.010178369 0.01213149388
1.010178369 0.01325913112
1.011306006 0.01213149388
1.011306006 0.01325913112
1.010178369 0.01408461888
1.010178369 0.01521225612
1.011306006 0.01408461888
1.011306006 0.01521225612
1.008225244 0.9847877439
1.008225244 0.9859153811
1.009352881 0.9847877439
1.009352881 0.9859153811
1.008225244 0.9867408689
1.008225244 0.9878685061
1.009352881 0.9867408689
1.009352881 0.9878685061
1.010178369 0.9847877439
1.010178369 0.9859153811
1.011306006 0.9847877439
1.011306006 0.9859153811
1.010178369 0.9867408689
1.010178369 0.9878685061
1.011306006 0.9867408689
1.011306006 0.9878685061
1.012131494 0.03556899388
1.012131494 0.03669663112
1.013259131 0.03556899388
1.013259131 0.03669663112
1.012131494 0.03752211888
1.012131494 0.03864975612
1.013259131 0.03752211888
1.013259131 0.03864975612
1.014084619 0.03556899388
1.014084619 0.03669663112
1.015212256 0.03556899388
1.015212256 0.03669663112
1.014084619 0.03752211888
1.014084619 0.03864975612
1.015212256 0.03752211888
1.015212256 0.03864975612
1.012131494 0.9613502439
1.012131494 0.9624778811
1.013259131 0.9613502439
1.013259131 0.9624778811
1.012131494 0.9633033689
1.012131494 0.9644310061
1.013259131 0.9633033689
1.013259131 0.9644310061
1.014084619 0.9613502439
1.014084619 0.9624778811
1.015212256 0.9613502439
1.015212256 0.9624778811
1.014084619 0.9633033689
1.014084619 0.9644310061
1.015212256 0.9633033689
1.015212256 0.9644310061
1.004318994 0.9769752439
1.004318994 0.9781028811
1.005446631 0.9769752439
1.005446631 0.9781028811
1.004318994 0.9789283689
1.004318994 0.9800560061
1.005446631 0.9789283689
1.005446631 0.9800560061
1.006272119 0.9769752439
1.006272119 0.9781028811
1.007399756 0.9769752439
1.007399756 0.9781028811
1.006272119 0.9789283689
1.006272119 0.9800560061
1.007399756 0.9789283689
1.007399756 0.9800560061
1.004318994 0.01994399388
1.004318994 0.02107163112
1.005446631 0.01994399388
1.005446631 0.02107163112
1.004318994 0.02189711888
1.004318994 0.02302475612
1.005446631 0.02189711888
1.005446631 0.02302475612
1.006272119 0.01994399388
1.006272119 0.02107163112
1.007399756 0.01994399388
1.007399756 0.02107163112
1.006272119 0.02189711888
1.006272119 0.02302475612
1.007399756 0.02189711888
1.007399756 0.02302475612
1.019943994 0.01603774388
1.019943994 0.01716538112
1.021071631 0.01603774388
1.021071631 0.01716538112
1.019943994 0.01799086888
1.019943994 0.01911850612
1.021071631 0.01799086888
1.021071631 0.01911850612
1.021897119 0.01603774388
1.021897119 0.01716538112
1.023024756 0.01603774388
1.023024756 0.01716538112
1.021897119 0.01799086888
1.021897119 0.01911850612
1.023024756 0.01799086888
1.023024756 0.01911850612
1.019943994 0.9808814939
1.019943994 0.9820091311
1.021071631 0.9808814939
1.021071631 0.9820091311
1.019943994 0.9828346189
1.019943994 0.9839622561
1.021071631 0.9828346189
1.021071631 0.9839622561
1.021897119 0.9808814939
1.021897119 0.9820091311
1.023024756 0.9808814939
1.023024756 0.9820091311
1.021897119 0.9828346189
1.021897119 0.9839622561
1.023024756 0.9828346189
1.023024756 0.9839622561
1.027756494 0.9847877439
1.027756494 0.9859153811
1.028884131 0.9847877439
1.028884131 0.9859153811
1.027756494 0.9867408689
1.027756494 0.9878685061
1.028884131 0.9867408689
1.028884131 0.9878685061
1.029709619 0.9847877439
1.029709619 0.9859153811
1.030837256 0.9847877439
1.030837256 0.9859153811
1.029709619 0.9867408689
1.029709619 0.9878685061
1.030837256 0.9867408689
1.030837256 0.9878685061
1.027756494 0.01213149388
1.027756494 0.01325913112
1.028884131 0.01213149388
1.028884131 0.01325913112
1.027756494 0.01408461888
1.027756494 0.01521225612
1.028884131 0.01408461888
1.028884131 0.01521225612
1.029709619 0.01213149388
1.029709619 0.01325913112
1.030837256 0.01213149388
1.030837256 0.01325913112
1.029709619 0.01408461888
1.029709619 0.01521225612
1.030837256 0.01408461888
1.030837256 0.01521225612
1.008225244 0.02385024388
1.008225244 0.02497788112
1.009352881 0.02385024388
1.009352881 0.02497788112
1.008225244 0.02580336888
1.008225244 0.02693100612
1.009352881 0.02580336888
1.009352881 0.02693100612
1.010178369 0.02385024388
1.010178369 0.02497788112
1.011306006 0.02385024388
1.011306006 0.02497788112
1.010178369 0.02580336888
1.010178369 0.02693100612
1.011306006 0.02580336888
1.011306006 0.02693100612
1.008225244 0.9730689939
1.008225244 0.9741966311
1.009352881 0.9730689939
1.009352881 0.9741966311
1.008225244 0.9750221189
1.008225244 0.9761497561
1.009352881 0.9750221189
1.009352881 0.9761497561
1.010178369 0.9730689939
1.010178369 0.9741966311
1.011306006 0.9730689939
1.011306006 0.9741966311
1.010178369 0.9750221189
1.010178369 0.9761497561
1.011306006 0.9750221189
1.011306006 0.9761497561
1.012131494 0.01603774388
1.012131494 0.01716538112
1.013259131 0.01603774388
1.013259131 0.01716538112
1.012131494 0.01799086888
1.012131494 0.01911850612
1.013259131 0.01799086888
1.013259131 0.01911850612
1.014084619 0.01603774388
1.014084619 0.01716538112
1.015212256 0.01603774388
1.015212256 0.01716538112
1.014084619 0.01799086888
1.014084619 0.01911850612
1.015212256 0.01799086888
1.015212256 0.01911850612
1.012131494 0.9808814939
1.012131494 0.9820091311
1.013259131 0.9808814939
1.013259131 0.9820091311
1.012131494 0.9828346189
1.012131494 0.9839622561
1.013259131 0.9828346189
1.013259131 0.9839622561
1.014084619 0.9808814939
1.014084619 0.9820091311
1.015212256 0.9808814939
1.015212256 0.9820091311
1.014084619 0.9828346189
1.014084619 0.9839622561
1.015212256 0.9828346189
1.015212256 0.9839622561
1.012131494 0.9418189939
1.012131494 0.9429466311
1.013259131 0.9418189939
1.013259131 0.9429466311
1.012131494 0.9437721189
1.012131494 0.9448997561
1.013259131 0.9437721189
1.013259131 0.9448997561
1.014084619 0.9418189939
1.014084619 0.9429466311
1.015212256 0.9418189939
1.015212256 0.9429466311
1.014084619 0.9437721189
1.014084619 0.9448997561
1.015212256 0.9437721189
1.015212256 0.9448997561
1.012131494 0.05510024388
1.012131494 0.05622788112
1.013259131 0.05510024388
1.013259131 0.05622788112
1.012131494 0.05705336888
1.012131494 0.05818100612
1.013259131 0.05705336888
1.013259131 0.05818100612
1.014084619 0.05510024388
1.014084619 0.05622788112
1.015212256 0.05510024388
1.015212256 0.05622788112
1.014084619 0.05705336888
1.014084619 0.05818100612
1.015212256 0.05705336888
1.015212256 0.05818100612
1.012131494 0.03166274388
1.012131494 0.03279038112
1.013259131 0.03166274388
1.013259131 0.03279038112
1.012131494 0.03361586888
1.012131494 0.03474350612
1.013259131 0.03361586888
1.013259131 0.03474350612
1.014084619 0.03166274388
1.014084619 0.03279038112
1.015212256 0.03166274388
1.015212256 0.03279038112
1.014084619 0.03361586888
1.014084619 0.03474350612
1.015212256 0.03361586888
1.015212256 0.03474350612
1.012131494 0.9652564939
1.012131494 0.9663841311
1.013259131 0.9652564939
1.013259131 0.9663841311
1.012131494 0.9672096189
1.012131494 0.9683372561
1.013259131 0.9672096189
1.013259131 0.9683372561
1.014084619 0.9652564939
1.014084619 0.9663841311
1.015212256 0.9652564939
1.015212256 0.9663841311
1.014084619 0.9672096189
1.014084619 0.9683372561
1.015212256 0.9672096189
1.015212256 0.9683372561
1.012131494 0.02775649388
1.012131494 0.02888413112
1.013259131 0.02775649388
1.013259131 0.02888413112
1.012131494 0.02970961888
1.012131494 0.03083725612
1.013259131 0.02970961888
1.013259131 0.03083725612
1.014084619 0.02775649388
1.014084619 0.02888413112
1.015212256 0.02775649388
1.015212256 0.02888413112
1.014084619 0.02970961888
1.014084619 0.03083725612
1.015212256 0.02970961888
1.015212256 0.03083725612
1.012131494 0.9691627439
1.012131494 0.9702903811
1.013259131 0.9691627439
1.013259131 0.9702903811
1.012131494 0.9711158689
1.012131494 0.9722435061
1.013259131 0.9711158689
1.013259131 0.9722435061
1.014084619 0.9691627439
1.014084619 0.9702903811
1.015212256 0.9691627439
1.015212256 0.9702903811
1.014084619 0.9711158689
1.014084619 0.9722435061
1.015212256 0.9711158689
1.015212256 0.9722435061
1.016037744 0.01994399388
1.016037744 0.02107163112
1.017165381 0.01994399388
1.017165381 0.02107163112
1.016037744 0.02189711888
1.016037744 0.02302475612
1.017165381 0.02189711888
1.017165381 0.02302475612
1.017990869 0.01994399388
1.017990869 0.02107163112
1.019118506 0.01994399388
1.019118506 0.02107163112
1.017990869 0.02189711888
1.017990869 0.02302475612
1.019118506 0.02189711888
1.019118506 0.02302475612
1.016037744 0.9769752439
1.016037744 0.9781028811
1.017165381 0.9769752439
1.017165381 0.9781028811
1.016037744 0.9789283689
1.016037744 0.9800560061
1.017165381 0.9789283689
1.017165381 0.9800560061
1.017990869 0.9769752439
1.017990869 0.9781028811
1.019118506 0.9769752439
1.019118506 0.9781028811
1.017990869 0.9789283689
1.017990869 0.9800560061
1.019118506 0.9789283689
1.019118506 0.9800560061
1.008225244 0.01994399388
1.008225244 0.02107163112
1.009352881 0.01994399388
1.009352881 0.02107163112
1.008225244 0.02189711888
1.008225244 0.02302475612
1.009352881 0.02189711888
1.009352881 0.02302475612
1.010178369 0.01994399388
1.010178369 0.02107163112
1.011306006 0.01994399388
1.011306006 0.02107163112
1.010178369 0.02189711888
1.010178369 0.02302475612
1.011306006 0.02189711888
1.011306006 0.02302475612
1.008225244 0.9769752439
1.008225244 0.9781028811
1.009352881 0.9769752439
1.009352881 0.9781028811
1.008225244 0.9789283689
1.008225244 0.9800560061
1.009352881 0.9789283689
1.009352881 0.9800560061
1.010178369 0.9769752439
1.010178369 0.9781028811
1.011306006 0.9769752439
1.011306006 0.9781028811
1.010178369 0.9789283689
1.010178369 0.9800560061
1.011306006 0.9789283689
1.011306006 0.9800560061
1.012131494 0.9769752439
1.012131494 0.9781028811
1.013259131 0.9769752439
1.013259131 0.9781028811
1.012131494 0.9789283689
1.012131494 0.9800560061
1.013259131 0.9789283689
1.013259131 0.9800560061
1.014084619 0.9769752439
1.014084619 0.9781028811
1.015212256 0.9769752439
1.015212256 0.9781028811
1.014084619 0.9789283689
1.014084619 0.9800560061
1.015212256 0.9789283689
1.015212256 0.9800560061
1.012131494 0.01994399388
1.012131494 0.02107163112
1.013259131 0.01994399388
1.013259131 0.02107163112
1.012131494 0.02189711888
1.012131494 0.02302475612
1.013259131 0.02189711888
1.013259131 0.02302475612
1.014084619 0.01994399388
1.014084619 0.02107163112
1.015212256 0.01994399388
1.015212256 0.02107163112
1.014084619 0.02189711888
1.014084619 0.02302475612
1.015212256 0.02189711888
1.015212256 0.02302475612
1.035568994 0.008225243878
1.035568994 0.009352881122
1.036696631 0.008225243878
1.036696631 0.009352881122
1.035568994 0.01017836888
1.035568994 0.01130600612
1.036696631 0.01017836888
1.036696631 0.01130600612
1.037522119 0.008225243878
1.037522119 0.009352881122
1.038649756 0.008225243878
1.038649756 0.009352881122
1.037522119 0.01017836888
1.037522119 0.01130600612
1.038649756 0.01017836888
1.038649756 0.01130600612
1.035568994 0.9886939939
1.035568994 0.9898216311
1.036696631 0.9886939939
1.036696631 0.9898216311
1.035568994 0.9906471189
1.035568994 0.9917747561
1.036696631 0.9906471189
1.036696631 0.9917747561
1.037522119 0.9886939939
1.037522119 0.9898216311
1.038649756 0.9886939939
1.038649756 0.9898216311
1.037522119 0.9906471189
1.037522119 0.9917747561
1.038649756 0.9906471189
1.038649756 0.9917747561
1.012131494 0.9730689939
1.012131494 0.9741966311
1.013259131 0.9730689939
1.013259131 0.9741966311
1.012131494 0.9750221189
1.012131494 0.9761497561
1.013259131 0.9750221189
1.013259131 0.9761497561
1.014084619 0.9730689939
1.014084619 0.9741966311
1.015212256 0.9730689939
1.015212256 0.9741966311
1.014084619 0.9750221189
1.014084619 0.9761497561
1.015212256 0.9750221189
1.015212256 0.9761497561
1.012131494 0.02385024388
1.012131494 0.02497788112
1.013259131 0.02385024388
1.013259131 0.02497788112
1.012131494 0.02580336888
1.012131494 0.02693100612
1.013259131 0.02580336888
1.013259131 0.02693100612
1.014084619 0.02385024388
1.014084619 0.02497788112
1.015212256 0.02385024388
1.015212256 0.02497788112
1.014084619 0.02580336888
1.014084619 0.02693100612
1.015212256 0.02580336888
1.015212256 0.02693100612
1.008225244 0.01603774388
1.008225244 0.01716538112
1.009352881 0.01603774388
1.009352881 0.01716538112
1.008225244 0.01799086888
1.008225244 0.01911850612
1.009352881 0.01799086888
1.009352881 0.01911850612
1.010178369 0.01603774388
1.010178369 0.01716538112
1.011306006 0.01603774388
1.011306006 0.01716538112
1.010178369 0.01799086888
1.010178369 0.01911850612
1.011306006 0.01799086888
1.011306006 0.01911850612
1.008225244 0.9808814939
1.008225244 0.9820091311
1.009352881 0.9808814939
1.009352881 0.9820091311
1.008225244 0.9828346189
1.008225244 0.9839622561
1.009352881 0.9828346189
1.009352881 0.9839622561
1.010178369 0.9808814939
1.010178369 0.9820091311
1.011306006 0.9808814939
1.011306006 0.9820091311
1.010178369 0.9828346189
1.010178369 0.9839622561
1.011306006 0.9828346189
1.011306006 0.9839622561
1 0.5
1.020408163 0.5
1.040816327 0.5
1.06122449 0.5
1.081632653 0.5
1.102040816 0.5
1.12244898 0.5
1.142857143 0.5
1.163265306 0.5
1.183673469 0.5
1.204081633 0.5
1.224489796 0.5
1.244897959 0.5
1.265306122 0.5
1.285714286 0.5
1.306122449 0.5
1.326530612 0.5
1.346938776 0.5
1.367346939 0.5
1.387755102 0.5
1.408163265 0.5
1.428571429 0.5
1.448979592 0.5
1.469387755 0.5
1.489795918 0.5
1.510204082 0.5
1.530612245 0.5
1.551020408 0.5
1.571428571 0.5
1.591836735 0.5
1.612244898 0.5
1.632653061 0.5
1.653061224 0.5
1.673469388 0.5
1.693877551 0.5
1.714285714 0.5
1.734693878 0.5
1.755102041 0.5
1.775510204 0.5
1.795918367 0.5
1.816326531 0.5
1.836734694 0.5
1.857142857 0.5
1.87755102 0.5
1.897959184 0.5
1.918367347 0.5
1.93877551 0.5
1.959183673 0.5
1.979591837 0.5
2 0.5
1 4.55
1.020408163 4.55
1.040816327 4.55
1.06122449 4.55
1.081632653 4.55
1.102040816 4.55
1.12244898 4.55
1.142857143 4.55
1.163265306 4.55
1.183673469 4.55
1.204081633 4.55
1.224489796 4.55
1.244897959 4.55
1.265306122 4.55
1.285714286 4.55
1.306122449 4.55
1.326530612 4.55
1.346938776 4.55
1.367346939 4.55
1.387755102 4.55
1.408163265 4.55
1.428571429 4.55
1.448979592 4.55
1.469387755 4.55
1.489795918 4.55
1.510204082 4.55
1.530612245 4.55
1.551020408 4.55
1.571428571 4.55
1.591836735 4.55
1.612244898 4.55
1.632653061 4.55
1.653061224 4.55
1.673469388 4.55
1.693877551 4.55
1.714285714 4.55
1.734693878 4.55
1.755102041 4.55
1.775510204 4.55
1.795918367 4.55
1.816326531 4.55
1.836734694 4.55
1.857142857 4.55
1.87755102 4.55
1.897959184 4.55
1.918367347 4.55
1.93877551 4.55
1.959183673 4.55
1.979591837 4.55
2 4.55
